Pos	Recs	PctRecs	Min_Q	Low_Q	Med_Q	Mean_Q	Hi_Q	Max_Q	Min_Pe	Low_Pe	Med_Pe	Mean_Pe	Hi_Pe	Max_Pe	Min_EE	Low_EE	Med_EE	Mean_EE	Hi_EE	Max_EE
1	84765	100.0	10.0	38.0	38.0	37.2	38.0	38.0	0.00016	0.00016	0.00016	0.0007	0.00016	0.1	0.00	0.00	0.00	0.00	0.00	0.10
2	84765	100.0	10.0	38.0	38.0	37.2	38.0	38.0	0.00016	0.00016	0.00016	0.00055	0.00016	0.1	0.00	0.00	0.00	0.00	0.00	0.20
3	84765	100.0	11.0	38.0	38.0	37.4	38.0	38.0	0.00016	0.00016	0.00016	0.00055	0.00016	0.079	0.00	0.00	0.00	0.00	0.00	0.26
4	84765	100.0	11.0	38.0	38.0	37.0	38.0	38.0	0.00016	0.00016	0.00016	0.00089	0.00016	0.079	0.00	0.00	0.00	0.00	0.00	0.32
5	84765	100.0	10.0	38.0	38.0	37.0	38.0	38.0	0.00016	0.00016	0.00016	0.00088	0.00016	0.1	0.00	0.00	0.00	0.00	0.00	0.34
6	84765	100.0	10.0	37.0	38.0	37.0	38.0	38.0	0.00016	0.00016	0.00016	0.0009	0.0002	0.1	0.00	0.00	0.00	0.00	0.00	0.34
7	84765	100.0	10.0	37.0	38.0	36.8	38.0	38.0	0.00016	0.00016	0.00016	0.0013	0.0002	0.1	0.00	0.00	0.00	0.01	0.00	0.40
8	84765	100.0	10.0	37.0	38.0	36.5	38.0	38.0	0.00016	0.00016	0.00016	0.0014	0.0002	0.1	0.00	0.00	0.00	0.01	0.00	0.41
9	84765	100.0	10.0	37.0	38.0	36.2	38.0	38.0	0.00016	0.00016	0.00016	0.0017	0.0002	0.1	0.00	0.00	0.00	0.01	0.00	0.48
10	84765	100.0	10.0	37.0	38.0	36.3	38.0	38.0	0.00016	0.00016	0.00016	0.0017	0.0002	0.1	0.00	0.00	0.00	0.01	0.00	0.48
11	84765	100.0	10.0	37.0	38.0	36.7	38.0	38.0	0.00016	0.00016	0.00016	0.0012	0.0002	0.1	0.00	0.00	0.00	0.01	0.00	0.50
12	84765	100.0	10.0	38.0	38.0	37.2	38.0	38.0	0.00016	0.00016	0.00016	0.00074	0.00016	0.1	0.00	0.00	0.00	0.01	0.00	0.50
13	84765	100.0	10.0	37.0	38.0	36.5	38.0	38.0	0.00016	0.00016	0.00016	0.0015	0.0002	0.1	0.00	0.00	0.00	0.01	0.00	0.58
14	84765	100.0	10.0	37.0	38.0	36.4	38.0	38.0	0.00016	0.00016	0.00016	0.0016	0.0002	0.1	0.00	0.00	0.00	0.02	0.00	0.66
15	84765	100.0	10.0	37.0	38.0	36.5	38.0	38.0	0.00016	0.00016	0.00016	0.0014	0.0002	0.1	0.00	0.00	0.00	0.02	0.00	0.71
16	84765	100.0	11.0	37.0	38.0	37.1	38.0	38.0	0.00016	0.00016	0.00016	0.0007	0.0002	0.079	0.00	0.00	0.00	0.02	0.01	0.71
17	84765	100.0	10.0	37.0	38.0	36.4	38.0	38.0	0.00016	0.00016	0.00016	0.0016	0.0002	0.1	0.00	0.00	0.00	0.02	0.01	0.73
18	84765	100.0	10.0	37.0	38.0	36.4	38.0	38.0	0.00016	0.00016	0.00016	0.0017	0.0002	0.1	0.00	0.00	0.00	0.02	0.01	0.79
19	84765	100.0	10.0	37.0	38.0	36.5	38.0	38.0	0.00016	0.00016	0.00016	0.0013	0.0002	0.1	0.00	0.00	0.00	0.02	0.01	0.79
20	84765	100.0	11.0	37.0	38.0	36.5	38.0	38.0	0.00016	0.00016	0.00016	0.0015	0.0002	0.079	0.00	0.00	0.00	0.02	0.01	0.79
21	84765	100.0	10.0	37.0	38.0	36.5	38.0	38.0	0.00016	0.00016	0.00016	0.0013	0.0002	0.1	0.00	0.00	0.00	0.03	0.01	0.82
22	84765	100.0	10.0	37.0	38.0	36.3	38.0	38.0	0.00016	0.00016	0.00016	0.0016	0.0002	0.1	0.00	0.00	0.00	0.03	0.01	0.89
23	84765	100.0	11.0	37.0	38.0	36.7	38.0	38.0	0.00016	0.00016	0.00016	0.0011	0.0002	0.079	0.00	0.00	0.00	0.03	0.01	0.89
24	84765	100.0	10.0	37.0	37.0	36.6	38.0	38.0	0.00016	0.00016	0.0002	0.0009	0.0002	0.1	0.00	0.00	0.00	0.03	0.01	0.97
25	84765	100.0	10.0	36.0	38.0	36.0	38.0	38.0	0.00016	0.00016	0.00016	0.0017	0.00025	0.1	0.00	0.00	0.00	0.03	0.01	0.97
26	84765	100.0	10.0	36.0	37.0	35.4	38.0	38.0	0.00016	0.00016	0.0002	0.0027	0.00025	0.1	0.00	0.00	0.00	0.03	0.01	0.98
27	84765	100.0	10.0	37.0	38.0	36.1	38.0	38.0	0.00016	0.00016	0.00016	0.0016	0.0002	0.1	0.00	0.00	0.01	0.03	0.01	1.06
28	84765	100.0	10.0	37.0	38.0	36.6	38.0	38.0	0.00016	0.00016	0.00016	0.0011	0.0002	0.1	0.00	0.00	0.01	0.04	0.01	1.06
29	84765	100.0	10.0	37.0	38.0	36.5	38.0	38.0	0.00016	0.00016	0.00016	0.0014	0.0002	0.1	0.00	0.00	0.01	0.04	0.01	1.06
30	84765	100.0	11.0	37.0	38.0	36.7	38.0	38.0	0.00016	0.00016	0.00016	0.0013	0.0002	0.079	0.00	0.00	0.01	0.04	0.01	1.06
31	84765	100.0	11.0	37.0	38.0	37.0	38.0	38.0	0.00016	0.00016	0.00016	0.00097	0.0002	0.079	0.00	0.01	0.01	0.04	0.01	1.07
32	84765	100.0	10.0	37.0	38.0	36.6	38.0	38.0	0.00016	0.00016	0.00016	0.0014	0.0002	0.1	0.01	0.01	0.01	0.04	0.01	1.07
33	84765	100.0	10.0	37.0	38.0	36.7	38.0	38.0	0.00016	0.00016	0.00016	0.0013	0.0002	0.1	0.01	0.01	0.01	0.04	0.02	1.15
34	84765	100.0	10.0	37.0	38.0	36.8	38.0	38.0	0.00016	0.00016	0.00016	0.001	0.0002	0.1	0.01	0.01	0.01	0.04	0.02	1.22
35	84765	100.0	11.0	37.0	38.0	37.0	38.0	38.0	0.00016	0.00016	0.00016	0.00085	0.0002	0.079	0.01	0.01	0.01	0.04	0.02	1.22
36	84765	100.0	10.0	37.0	38.0	36.7	38.0	38.0	0.00016	0.00016	0.00016	0.0013	0.0002	0.1	0.01	0.01	0.01	0.05	0.02	1.30
37	84765	100.0	10.0	37.0	38.0	36.7	38.0	38.0	0.00016	0.00016	0.00016	0.0012	0.0002	0.1	0.01	0.01	0.01	0.05	0.02	1.31
38	84765	100.0	10.0	37.0	38.0	36.1	38.0	38.0	0.00016	0.00016	0.00016	0.0019	0.0002	0.1	0.01	0.01	0.01	0.05	0.02	1.39
39	84765	100.0	10.0	37.0	38.0	36.9	38.0	38.0	0.00016	0.00016	0.00016	0.00091	0.0002	0.1	0.01	0.01	0.01	0.05	0.02	1.40
40	84765	100.0	10.0	37.0	38.0	36.7	38.0	38.0	0.00016	0.00016	0.00016	0.0013	0.0002	0.1	0.01	0.01	0.01	0.05	0.02	1.40
41	84765	100.0	10.0	37.0	38.0	36.6	38.0	38.0	0.00016	0.00016	0.00016	0.0013	0.0002	0.1	0.01	0.01	0.01	0.05	0.02	1.40
42	84765	100.0	10.0	37.0	38.0	36.3	38.0	38.0	0.00016	0.00016	0.00016	0.0017	0.0002	0.1	0.01	0.01	0.01	0.05	0.02	1.40
43	84765	100.0	10.0	37.0	38.0	36.7	38.0	38.0	0.00016	0.00016	0.00016	0.0012	0.0002	0.1	0.01	0.01	0.01	0.06	0.02	1.40
44	84765	100.0	10.0	37.0	38.0	36.8	38.0	38.0	0.00016	0.00016	0.00016	0.0012	0.0002	0.1	0.01	0.01	0.01	0.06	0.02	1.40
45	84765	100.0	10.0	37.0	38.0	36.3	38.0	38.0	0.00016	0.00016	0.00016	0.0013	0.0002	0.1	0.01	0.01	0.01	0.06	0.03	1.40
46	84765	100.0	10.0	37.0	38.0	36.9	38.0	38.0	0.00016	0.00016	0.00016	0.00094	0.0002	0.1	0.01	0.01	0.01	0.06	0.03	1.40
47	84765	100.0	10.0	37.0	38.0	36.9	38.0	38.0	0.00016	0.00016	0.00016	0.00084	0.0002	0.1	0.01	0.01	0.01	0.06	0.03	1.40
48	84765	100.0	10.0	38.0	38.0	37.1	38.0	38.0	0.00016	0.00016	0.00016	0.00084	0.00016	0.1	0.01	0.01	0.01	0.06	0.03	1.40
49	84765	100.0	10.0	37.0	38.0	36.8	38.0	38.0	0.00016	0.00016	0.00016	0.0009	0.0002	0.1	0.01	0.01	0.01	0.06	0.03	1.40
50	84765	100.0	10.0	37.0	38.0	36.3	38.0	38.0	0.00016	0.00016	0.00016	0.0014	0.0002	0.1	0.01	0.01	0.01	0.06	0.03	1.45
51	84765	100.0	10.0	37.0	38.0	36.6	38.0	38.0	0.00016	0.00016	0.00016	0.0013	0.0002	0.1	0.01	0.01	0.01	0.06	0.03	1.45
52	84765	100.0	10.0	37.0	38.0	36.4	38.0	38.0	0.00016	0.00016	0.00016	0.0016	0.0002	0.1	0.01	0.01	0.01	0.07	0.03	1.45
53	84765	100.0	10.0	37.0	38.0	36.3	38.0	38.0	0.00016	0.00016	0.00016	0.0017	0.0002	0.1	0.01	0.01	0.01	0.07	0.04	1.53
54	84765	100.0	10.0	37.0	38.0	36.8	38.0	38.0	0.00016	0.00016	0.00016	0.0011	0.0002	0.1	0.01	0.01	0.01	0.07	0.04	1.54
55	84765	100.0	10.0	37.0	38.0	37.0	38.0	38.0	0.00016	0.00016	0.00016	0.00095	0.0002	0.1	0.01	0.01	0.01	0.07	0.04	1.54
56	84765	100.0	10.0	37.0	38.0	36.8	38.0	38.0	0.00016	0.00016	0.00016	0.0011	0.0002	0.1	0.01	0.01	0.01	0.07	0.04	1.54
57	84765	100.0	10.0	38.0	38.0	36.9	38.0	38.0	0.00016	0.00016	0.00016	0.001	0.00016	0.1	0.01	0.01	0.01	0.07	0.05	1.54
58	84765	100.0	10.0	38.0	38.0	37.0	38.0	38.0	0.00016	0.00016	0.00016	0.00088	0.00016	0.1	0.01	0.01	0.01	0.07	0.05	1.62
59	84765	100.0	10.0	37.0	38.0	36.8	38.0	38.0	0.00016	0.00016	0.00016	0.001	0.0002	0.1	0.01	0.01	0.01	0.07	0.09	1.62
60	84765	100.0	10.0	37.0	38.0	36.3	38.0	38.0	0.00016	0.00016	0.00016	0.0014	0.0002	0.1	0.01	0.01	0.01	0.07	0.09	1.62
61	84765	100.0	10.0	37.0	38.0	36.5	38.0	38.0	0.00016	0.00016	0.00016	0.0013	0.0002	0.1	0.01	0.01	0.01	0.08	0.09	1.62
62	84765	100.0	10.0	37.0	38.0	36.7	38.0	38.0	0.00016	0.00016	0.00016	0.0012	0.0002	0.1	0.01	0.01	0.01	0.08	0.09	1.64
63	84765	100.0	10.0	37.0	38.0	36.8	38.0	38.0	0.00016	0.00016	0.00016	0.0011	0.0002	0.1	0.01	0.01	0.01	0.08	0.09	1.64
64	84765	100.0	10.0	37.0	38.0	36.9	38.0	38.0	0.00016	0.00016	0.00016	0.0011	0.0002	0.1	0.01	0.01	0.01	0.08	0.09	1.64
65	84765	100.0	11.0	37.0	38.0	36.5	38.0	38.0	0.00016	0.00016	0.00016	0.0015	0.0002	0.079	0.01	0.01	0.01	0.08	0.09	1.64
66	84765	100.0	10.0	37.0	38.0	36.3	38.0	38.0	0.00016	0.00016	0.00016	0.0015	0.0002	0.1	0.01	0.01	0.01	0.08	0.09	1.69
67	84765	100.0	10.0	37.0	38.0	36.7	38.0	38.0	0.00016	0.00016	0.00016	0.0011	0.0002	0.1	0.01	0.01	0.01	0.08	0.09	1.77
68	84765	100.0	10.0	37.0	38.0	36.6	38.0	38.0	0.00016	0.00016	0.00016	0.0013	0.0002	0.1	0.01	0.01	0.01	0.08	0.10	1.78
69	84765	100.0	10.0	37.0	38.0	36.6	38.0	38.0	0.00016	0.00016	0.00016	0.0013	0.0002	0.1	0.01	0.01	0.01	0.09	0.10	1.78
70	84765	100.0	10.0	37.0	38.0	36.2	38.0	38.0	0.00016	0.00016	0.00016	0.0018	0.0002	0.1	0.01	0.01	0.01	0.09	0.10	1.78
71	84765	100.0	10.0	37.0	38.0	36.4	38.0	38.0	0.00016	0.00016	0.00016	0.0015	0.0002	0.1	0.01	0.01	0.02	0.09	0.10	1.78
72	84765	100.0	10.0	37.0	38.0	36.7	38.0	38.0	0.00016	0.00016	0.00016	0.0011	0.0002	0.1	0.01	0.01	0.02	0.09	0.10	1.78
73	84765	100.0	10.0	37.0	38.0	36.9	38.0	38.0	0.00016	0.00016	0.00016	0.001	0.0002	0.1	0.01	0.01	0.02	0.09	0.10	1.78
74	84765	100.0	10.0	37.0	38.0	36.9	38.0	38.0	0.00016	0.00016	0.00016	0.001	0.0002	0.1	0.01	0.01	0.02	0.09	0.10	1.78
75	84765	100.0	10.0	37.0	38.0	36.8	38.0	38.0	0.00016	0.00016	0.00016	0.0012	0.0002	0.1	0.01	0.01	0.02	0.09	0.10	1.78
76	84765	100.0	10.0	38.0	38.0	36.9	38.0	38.0	0.00016	0.00016	0.00016	0.001	0.00016	0.1	0.01	0.01	0.02	0.09	0.10	1.78
77	84765	100.0	10.0	37.0	38.0	36.7	38.0	38.0	0.00016	0.00016	0.00016	0.0011	0.0002	0.1	0.01	0.01	0.02	0.10	0.10	1.78
78	84765	100.0	10.0	37.0	38.0	36.7	38.0	38.0	0.00016	0.00016	0.00016	0.0012	0.0002	0.1	0.01	0.01	0.02	0.10	0.10	1.78
79	84765	100.0	10.0	37.0	38.0	36.7	38.0	38.0	0.00016	0.00016	0.00016	0.0013	0.0002	0.1	0.01	0.01	0.02	0.10	0.10	1.78
80	84765	100.0	10.0	37.0	38.0	36.3	38.0	38.0	0.00016	0.00016	0.00016	0.0016	0.0002	0.1	0.01	0.01	0.02	0.10	0.10	1.78
81	84765	100.0	10.0	37.0	38.0	36.0	38.0	38.0	0.00016	0.00016	0.00016	0.002	0.0002	0.1	0.01	0.01	0.02	0.10	0.10	1.78
82	84765	100.0	10.0	37.0	38.0	36.3	38.0	38.0	0.00016	0.00016	0.00016	0.0015	0.0002	0.1	0.01	0.01	0.02	0.10	0.11	1.81
83	84765	100.0	10.0	37.0	38.0	36.5	38.0	38.0	0.00016	0.00016	0.00016	0.0014	0.0002	0.1	0.01	0.01	0.02	0.10	0.11	1.81
84	84765	100.0	10.0	37.0	38.0	36.3	38.0	38.0	0.00016	0.00016	0.00016	0.0016	0.0002	0.1	0.01	0.01	0.02	0.11	0.11	1.89
85	84765	100.0	10.0	37.0	38.0	36.3	38.0	38.0	0.00016	0.00016	0.00016	0.0017	0.0002	0.1	0.01	0.01	0.02	0.11	0.11	1.89
86	84765	100.0	10.0	37.0	38.0	36.0	38.0	38.0	0.00016	0.00016	0.00016	0.002	0.0002	0.1	0.01	0.01	0.02	0.11	0.11	1.89
87	84765	100.0	10.0	37.0	38.0	36.0	38.0	38.0	0.00016	0.00016	0.00016	0.002	0.0002	0.1	0.01	0.01	0.02	0.11	0.11	1.89
88	84765	100.0	10.0	37.0	38.0	36.4	38.0	38.0	0.00016	0.00016	0.00016	0.0015	0.0002	0.1	0.01	0.01	0.02	0.11	0.11	1.89
89	84765	100.0	10.0	36.0	38.0	36.0	38.0	38.0	0.00016	0.00016	0.00016	0.0019	0.00025	0.1	0.01	0.01	0.02	0.12	0.11	1.89
90	84765	100.0	10.0	36.0	38.0	35.7	38.0	38.0	0.00016	0.00016	0.00016	0.0023	0.00025	0.1	0.01	0.01	0.02	0.12	0.11	1.89
91	84765	100.0	10.0	37.0	38.0	36.4	38.0	38.0	0.00016	0.00016	0.00016	0.0013	0.0002	0.1	0.01	0.01	0.02	0.12	0.11	1.99
92	84747	100.0	9.0	36.0	38.0	35.9	38.0	38.0	0.00016	0.00016	0.00016	0.0022	0.00025	0.13	0.01	0.02	0.02	0.12	0.12	1.99
93	84745	100.0	9.0	36.0	38.0	36.3	38.0	38.0	0.00016	0.00016	0.00016	0.0015	0.00025	0.13	0.01	0.02	0.02	0.12	0.12	1.99
94	84745	100.0	10.0	37.0	38.0	36.4	38.0	38.0	0.00016	0.00016	0.00016	0.0015	0.0002	0.1	0.01	0.02	0.02	0.12	0.12	1.99
95	84744	100.0	10.0	37.0	38.0	36.3	38.0	38.0	0.00016	0.00016	0.00016	0.0018	0.0002	0.1	0.02	0.02	0.02	0.13	0.12	2.07
96	84656	99.9	10.0	37.0	38.0	37.0	38.0	38.0	0.00016	0.00016	0.00016	0.00087	0.0002	0.1	0.02	0.02	0.02	0.13	0.12	2.07
97	84656	99.9	10.0	37.0	38.0	36.3	38.0	38.0	0.00016	0.00016	0.00016	0.0016	0.0002	0.1	0.02	0.02	0.02	0.13	0.12	2.08
98	84655	99.9	10.0	37.0	38.0	36.1	38.0	38.0	0.00016	0.00016	0.00016	0.0019	0.0002	0.1	0.02	0.02	0.02	0.13	0.12	2.08
99	84599	99.8	10.0	37.0	38.0	36.2	38.0	38.0	0.00016	0.00016	0.00016	0.0018	0.0002	0.1	0.02	0.02	0.02	0.13	0.12	2.09
100	84444	99.6	10.0	37.0	38.0	36.1	38.0	38.0	0.00016	0.00016	0.00016	0.0019	0.0002	0.1	0.02	0.02	0.02	0.13	0.12	2.17
101	84411	99.6	10.0	37.0	38.0	36.3	38.0	38.0	0.00016	0.00016	0.00016	0.0016	0.0002	0.1	0.02	0.02	0.02	0.14	0.12	2.17
102	83247	98.2	9.0	37.0	38.0	36.5	38.0	38.0	0.00016	0.00016	0.00016	0.0015	0.0002	0.13	0.02	0.02	0.02	0.14	0.12	2.27
103	16213	19.1	10.0	37.0	38.0	37.0	38.0	38.0	0.00016	0.00016	0.00016	0.00091	0.0002	0.1	0.02	0.02	0.03	0.16	0.19	2.28
104	13127	15.5	9.0	37.0	38.0	37.0	38.0	38.0	0.00016	0.00016	0.00016	0.001	0.0002	0.13	0.02	0.02	0.03	0.17	0.19	2.29
105	12146	14.3	9.0	38.0	38.0	37.1	38.0	38.0	0.00016	0.00016	0.00016	0.0009	0.00016	0.13	0.02	0.02	0.03	0.17	0.19	2.29
106	84	0.1	10.0	37.0	38.0	36.4	38.0	38.0	0.00016	0.00016	0.00016	0.0024	0.0002	0.1	0.02	0.02	0.03	0.21	0.15	1.64
107	36	0.0	11.0	36.0	38.0	35.4	38.0	38.0	0.00016	0.00016	0.00016	0.0028	0.00025	0.079	0.02	0.02	0.02	0.20	0.15	1.64
108	36	0.0	31.0	37.0	38.0	37.2	38.0	38.0	0.00016	0.00016	0.00016	0.0002	0.0002	0.00079	0.02	0.02	0.02	0.20	0.15	1.64
109	35	0.0	23.0	38.0	38.0	37.0	38.0	38.0	0.00016	0.00016	0.00016	0.00034	0.00016	0.005	0.02	0.02	0.02	0.20	0.23	1.64
110	35	0.0	11.0	37.0	38.0	36.6	38.0	38.0	0.00016	0.00016	0.00016	0.0025	0.0002	0.079	0.02	0.02	0.02	0.20	0.23	1.64
111	35	0.0	11.0	38.0	38.0	36.5	38.0	38.0	0.00016	0.00016	0.00016	0.0025	0.00016	0.079	0.02	0.02	0.02	0.21	0.25	1.64
112	35	0.0	31.0	37.0	38.0	37.2	38.0	38.0	0.00016	0.00016	0.00016	0.00022	0.0002	0.00079	0.02	0.02	0.02	0.21	0.25	1.65
113	35	0.0	27.0	38.0	38.0	37.3	38.0	38.0	0.00016	0.00016	0.00016	0.00023	0.00016	0.002	0.02	0.02	0.02	0.21	0.25	1.65
114	34	0.0	21.0	37.0	38.0	36.6	38.0	38.0	0.00016	0.00016	0.00016	0.00051	0.0002	0.0079	0.02	0.02	0.02	0.21	0.25	1.65
115	28	0.0	21.0	36.0	38.0	36.2	38.0	38.0	0.00016	0.00016	0.00016	0.00065	0.00016	0.0079	0.02	0.02	0.02	0.20	0.15	1.65
116	4	0.0	31.0	31.0	38.0	36.2	38.0	38.0	0.00016	0.00016	0.00016	0.00032	0.00016	0.00079	0.02	0.02	0.05	0.15	0.15	0.38
117	3	0.0	34.0	34.0	38.0	36.7	38.0	38.0	0.00016	0.00016	0.00016	0.00024	0.0004	0.0004	0.02	0.02	0.15	0.19	0.38	0.38
118	3	0.0	25.0	25.0	38.0	33.7	38.0	38.0	0.00016	0.00016	0.00016	0.0012	0.0032	0.0032	0.02	0.02	0.15	0.19	0.39	0.39
119	3	0.0	31.0	31.0	38.0	35.7	38.0	38.0	0.00016	0.00016	0.00016	0.00037	0.00079	0.00079	0.02	0.02	0.15	0.19	0.39	0.39
120	3	0.0	38.0	38.0	38.0	38.0	38.0	38.0	0.00016	0.00016	0.00016	0.00016	0.00016	0.00016	0.02	0.02	0.15	0.19	0.39	0.39
121	2	0.0	38.0	38.0	38.0	38.0	38.0	38.0	0.00016	0.00016	0.00016	0.00016	0.00016	0.00016	0.02	0.02	0.02	0.09	0.15	0.15
