Pos	Recs	PctRecs	Min_Q	Low_Q	Med_Q	Mean_Q	Hi_Q	Max_Q	Min_Pe	Low_Pe	Med_Pe	Mean_Pe	Hi_Pe	Max_Pe	Min_EE	Low_EE	Med_EE	Mean_EE	Hi_EE	Max_EE
1	69313	100.0	10.0	38.0	38.0	37.2	38.0	38.0	0.00016	0.00016	0.00016	0.00071	0.00016	0.1	0.00	0.00	0.00	0.00	0.00	0.10
2	69313	100.0	10.0	38.0	38.0	37.2	38.0	38.0	0.00016	0.00016	0.00016	0.00058	0.00016	0.1	0.00	0.00	0.00	0.00	0.00	0.20
3	69313	100.0	11.0	38.0	38.0	37.3	38.0	38.0	0.00016	0.00016	0.00016	0.00058	0.00016	0.079	0.00	0.00	0.00	0.00	0.00	0.24
4	69313	100.0	11.0	37.0	38.0	36.7	38.0	38.0	0.00016	0.00016	0.00016	0.0011	0.0002	0.079	0.00	0.00	0.00	0.00	0.00	0.32
5	69313	100.0	10.0	37.0	38.0	36.8	38.0	38.0	0.00016	0.00016	0.00016	0.0013	0.0002	0.1	0.00	0.00	0.00	0.00	0.00	0.32
6	69313	100.0	10.0	37.0	38.0	36.6	38.0	38.0	0.00016	0.00016	0.00016	0.0014	0.0002	0.1	0.00	0.00	0.00	0.01	0.00	0.40
7	69313	100.0	11.0	37.0	38.0	36.8	38.0	38.0	0.00016	0.00016	0.00016	0.0012	0.0002	0.079	0.00	0.00	0.00	0.01	0.00	0.48
8	69313	100.0	11.0	37.0	38.0	36.6	38.0	38.0	0.00016	0.00016	0.00016	0.0013	0.0002	0.079	0.00	0.00	0.00	0.01	0.00	0.48
9	69313	100.0	10.0	37.0	38.0	36.4	38.0	38.0	0.00016	0.00016	0.00016	0.0015	0.0002	0.1	0.00	0.00	0.00	0.01	0.00	0.49
10	69313	100.0	10.0	37.0	38.0	37.0	38.0	38.0	0.00016	0.00016	0.00016	0.00095	0.0002	0.1	0.00	0.00	0.00	0.01	0.00	0.56
11	69313	100.0	10.0	37.0	38.0	36.5	38.0	38.0	0.00016	0.00016	0.00016	0.0016	0.0002	0.1	0.00	0.00	0.00	0.01	0.00	0.64
12	69313	100.0	10.0	37.0	38.0	36.7	38.0	38.0	0.00016	0.00016	0.00016	0.0013	0.0002	0.1	0.00	0.00	0.00	0.01	0.00	0.72
13	69313	100.0	10.0	37.0	38.0	36.6	38.0	38.0	0.00016	0.00016	0.00016	0.0014	0.0002	0.1	0.00	0.00	0.00	0.01	0.00	0.80
14	69313	100.0	10.0	37.0	38.0	36.9	38.0	38.0	0.00016	0.00016	0.00016	0.00099	0.0002	0.1	0.00	0.00	0.00	0.02	0.00	0.80
15	69313	100.0	10.0	37.0	38.0	36.4	38.0	38.0	0.00016	0.00016	0.00016	0.0016	0.0002	0.1	0.00	0.00	0.00	0.02	0.01	0.80
16	69313	100.0	10.0	37.0	38.0	37.0	38.0	38.0	0.00016	0.00016	0.00016	0.00079	0.0002	0.1	0.00	0.00	0.00	0.02	0.01	0.80
17	69313	100.0	11.0	37.0	38.0	36.7	38.0	38.0	0.00016	0.00016	0.00016	0.0012	0.0002	0.079	0.00	0.00	0.00	0.02	0.01	0.80
18	69313	100.0	10.0	37.0	38.0	36.4	38.0	38.0	0.00016	0.00016	0.00016	0.0016	0.0002	0.1	0.00	0.00	0.00	0.02	0.01	0.85
19	69313	100.0	10.0	37.0	38.0	37.0	38.0	38.0	0.00016	0.00016	0.00016	0.00086	0.0002	0.1	0.00	0.00	0.00	0.02	0.01	0.88
20	69313	100.0	10.0	37.0	38.0	36.5	38.0	38.0	0.00016	0.00016	0.00016	0.0015	0.0002	0.1	0.00	0.00	0.00	0.02	0.01	0.96
21	69313	100.0	11.0	37.0	38.0	36.4	38.0	38.0	0.00016	0.00016	0.00016	0.0014	0.0002	0.079	0.00	0.00	0.00	0.02	0.01	0.97
22	69313	100.0	11.0	37.0	38.0	36.2	38.0	38.0	0.00016	0.00016	0.00016	0.0018	0.0002	0.079	0.00	0.00	0.00	0.03	0.01	0.97
23	69313	100.0	11.0	37.0	38.0	36.6	38.0	38.0	0.00016	0.00016	0.00016	0.0013	0.0002	0.079	0.00	0.00	0.00	0.03	0.01	0.97
24	69313	100.0	10.0	37.0	38.0	36.8	38.0	38.0	0.00016	0.00016	0.00016	0.00077	0.0002	0.1	0.00	0.00	0.00	0.03	0.01	0.99
25	69313	100.0	10.0	37.0	38.0	36.3	38.0	38.0	0.00016	0.00016	0.00016	0.0013	0.0002	0.1	0.00	0.00	0.00	0.03	0.01	1.07
26	69313	100.0	10.0	37.0	38.0	36.3	38.0	38.0	0.00016	0.00016	0.00016	0.0016	0.0002	0.1	0.00	0.00	0.00	0.03	0.01	1.08
27	69313	100.0	10.0	37.0	38.0	35.9	38.0	38.0	0.00016	0.00016	0.00016	0.0022	0.0002	0.1	0.00	0.00	0.01	0.03	0.01	1.16
28	69313	100.0	11.0	37.0	38.0	36.7	38.0	38.0	0.00016	0.00016	0.00016	0.0011	0.0002	0.079	0.00	0.00	0.01	0.03	0.01	1.24
29	69313	100.0	11.0	37.0	38.0	36.8	38.0	38.0	0.00016	0.00016	0.00016	0.0012	0.0002	0.079	0.00	0.00	0.01	0.04	0.01	1.24
30	69313	100.0	10.0	37.0	38.0	36.4	38.0	38.0	0.00016	0.00016	0.00016	0.0018	0.0002	0.1	0.00	0.00	0.01	0.04	0.01	1.24
31	69313	100.0	10.0	37.0	38.0	36.8	38.0	38.0	0.00016	0.00016	0.00016	0.0011	0.0002	0.1	0.00	0.01	0.01	0.04	0.01	1.25
32	69313	100.0	11.0	37.0	38.0	36.5	38.0	38.0	0.00016	0.00016	0.00016	0.0015	0.0002	0.079	0.01	0.01	0.01	0.04	0.01	1.25
33	69313	100.0	10.0	37.0	38.0	37.0	38.0	38.0	0.00016	0.00016	0.00016	0.00097	0.0002	0.1	0.01	0.01	0.01	0.04	0.02	1.25
34	69313	100.0	11.0	37.0	38.0	36.8	38.0	38.0	0.00016	0.00016	0.00016	0.0011	0.0002	0.079	0.01	0.01	0.01	0.04	0.02	1.25
35	69313	100.0	11.0	37.0	38.0	36.9	38.0	38.0	0.00016	0.00016	0.00016	0.00098	0.0002	0.079	0.01	0.01	0.01	0.04	0.02	1.25
36	69313	100.0	10.0	37.0	38.0	36.9	38.0	38.0	0.00016	0.00016	0.00016	0.0011	0.0002	0.1	0.01	0.01	0.01	0.04	0.02	1.25
37	69313	100.0	10.0	37.0	38.0	36.8	38.0	38.0	0.00016	0.00016	0.00016	0.001	0.0002	0.1	0.01	0.01	0.01	0.05	0.02	1.25
38	69313	100.0	10.0	37.0	38.0	36.5	38.0	38.0	0.00016	0.00016	0.00016	0.0014	0.0002	0.1	0.01	0.01	0.01	0.05	0.02	1.25
39	69313	100.0	10.0	37.0	38.0	36.9	38.0	38.0	0.00016	0.00016	0.00016	0.001	0.0002	0.1	0.01	0.01	0.01	0.05	0.02	1.30
40	69313	100.0	10.0	37.0	38.0	36.9	38.0	38.0	0.00016	0.00016	0.00016	0.001	0.0002	0.1	0.01	0.01	0.01	0.05	0.02	1.38
41	69313	100.0	10.0	37.0	38.0	36.7	38.0	38.0	0.00016	0.00016	0.00016	0.0012	0.0002	0.1	0.01	0.01	0.01	0.05	0.02	1.38
42	69313	100.0	10.0	37.0	38.0	36.6	38.0	38.0	0.00016	0.00016	0.00016	0.0013	0.0002	0.1	0.01	0.01	0.01	0.05	0.02	1.39
43	69313	100.0	11.0	37.0	38.0	37.1	38.0	38.0	0.00016	0.00016	0.00016	0.00073	0.0002	0.079	0.01	0.01	0.01	0.05	0.02	1.39
44	69313	100.0	10.0	37.0	38.0	36.8	38.0	38.0	0.00016	0.00016	0.00016	0.0011	0.0002	0.1	0.01	0.01	0.01	0.05	0.02	1.39
45	69313	100.0	10.0	37.0	38.0	36.7	38.0	38.0	0.00016	0.00016	0.00016	0.00091	0.0002	0.1	0.01	0.01	0.01	0.05	0.02	1.39
46	69313	100.0	10.0	38.0	38.0	37.0	38.0	38.0	0.00016	0.00016	0.00016	0.00084	0.00016	0.1	0.01	0.01	0.01	0.06	0.02	1.39
47	69313	100.0	10.0	38.0	38.0	37.0	38.0	38.0	0.00016	0.00016	0.00016	0.00076	0.00016	0.1	0.01	0.01	0.01	0.06	0.02	1.39
48	69313	100.0	10.0	38.0	38.0	36.8	38.0	38.0	0.00016	0.00016	0.00016	0.001	0.00016	0.1	0.01	0.01	0.01	0.06	0.02	1.39
49	69313	100.0	10.0	38.0	38.0	37.0	38.0	38.0	0.00016	0.00016	0.00016	0.00069	0.00016	0.1	0.01	0.01	0.01	0.06	0.03	1.39
50	69313	100.0	10.0	37.0	38.0	36.7	38.0	38.0	0.00016	0.00016	0.00016	0.0012	0.0002	0.1	0.01	0.01	0.01	0.06	0.03	1.39
51	69313	100.0	10.0	37.0	38.0	36.5	38.0	38.0	0.00016	0.00016	0.00016	0.0015	0.0002	0.1	0.01	0.01	0.01	0.06	0.03	1.49
52	69313	100.0	10.0	36.0	38.0	36.0	38.0	38.0	0.00016	0.00016	0.00016	0.0022	0.00025	0.1	0.01	0.01	0.01	0.06	0.03	1.59
53	69313	100.0	10.0	37.0	38.0	36.1	38.0	38.0	0.00016	0.00016	0.00016	0.0019	0.0002	0.1	0.01	0.01	0.01	0.06	0.03	1.59
54	69313	100.0	10.0	37.0	38.0	36.8	38.0	38.0	0.00016	0.00016	0.00016	0.00095	0.0002	0.1	0.01	0.01	0.01	0.07	0.03	1.59
55	69313	100.0	10.0	38.0	38.0	37.0	38.0	38.0	0.00016	0.00016	0.00016	0.00086	0.00016	0.1	0.01	0.01	0.01	0.07	0.03	1.59
56	69313	100.0	10.0	37.0	38.0	36.7	38.0	38.0	0.00016	0.00016	0.00016	0.0012	0.0002	0.1	0.01	0.01	0.01	0.07	0.03	1.59
57	69313	100.0	10.0	38.0	38.0	37.1	38.0	38.0	0.00016	0.00016	0.00016	0.00083	0.00016	0.1	0.01	0.01	0.01	0.07	0.03	1.59
58	69313	100.0	10.0	38.0	38.0	37.3	38.0	38.0	0.00016	0.00016	0.00016	0.00062	0.00016	0.1	0.01	0.01	0.01	0.07	0.04	1.59
59	69313	100.0	10.0	37.0	38.0	36.7	38.0	38.0	0.00016	0.00016	0.00016	0.0012	0.0002	0.1	0.01	0.01	0.01	0.07	0.04	1.59
60	69313	100.0	10.0	37.0	38.0	36.4	38.0	38.0	0.00016	0.00016	0.00016	0.0014	0.0002	0.1	0.01	0.01	0.01	0.07	0.04	1.59
61	69313	100.0	10.0	37.0	38.0	36.6	38.0	38.0	0.00016	0.00016	0.00016	0.0014	0.0002	0.1	0.01	0.01	0.01	0.07	0.04	1.59
62	69313	100.0	10.0	37.0	38.0	36.6	38.0	38.0	0.00016	0.00016	0.00016	0.0014	0.0002	0.1	0.01	0.01	0.01	0.07	0.05	1.59
63	69313	100.0	10.0	37.0	38.0	36.6	38.0	38.0	0.00016	0.00016	0.00016	0.0013	0.0002	0.1	0.01	0.01	0.01	0.08	0.09	1.59
64	69313	100.0	9.0	37.0	38.0	36.7	38.0	38.0	0.00016	0.00016	0.00016	0.0013	0.0002	0.13	0.01	0.01	0.01	0.08	0.09	1.59
65	69313	100.0	11.0	37.0	38.0	36.8	38.0	38.0	0.00016	0.00016	0.00016	0.0012	0.0002	0.079	0.01	0.01	0.01	0.08	0.09	1.59
66	69313	100.0	10.0	37.0	38.0	36.3	38.0	38.0	0.00016	0.00016	0.00016	0.0016	0.0002	0.1	0.01	0.01	0.01	0.08	0.09	1.59
67	69313	100.0	10.0	37.0	38.0	36.3	38.0	38.0	0.00016	0.00016	0.00016	0.0018	0.0002	0.1	0.01	0.01	0.01	0.08	0.09	1.59
68	69313	100.0	9.0	37.0	38.0	36.8	38.0	38.0	0.00016	0.00016	0.00016	0.001	0.0002	0.13	0.01	0.01	0.01	0.08	0.09	1.59
69	69313	100.0	10.0	37.0	38.0	36.8	38.0	38.0	0.00016	0.00016	0.00016	0.00098	0.0002	0.1	0.01	0.01	0.01	0.08	0.09	1.59
70	69313	100.0	10.0	37.0	38.0	36.2	38.0	38.0	0.00016	0.00016	0.00016	0.0017	0.0002	0.1	0.01	0.01	0.01	0.09	0.10	1.59
71	69313	100.0	10.0	37.0	38.0	36.5	38.0	38.0	0.00016	0.00016	0.00016	0.0014	0.0002	0.1	0.01	0.01	0.02	0.09	0.10	1.59
72	69313	100.0	10.0	37.0	38.0	36.8	38.0	38.0	0.00016	0.00016	0.00016	0.0011	0.0002	0.1	0.01	0.01	0.02	0.09	0.10	1.59
73	69313	100.0	10.0	37.0	38.0	36.9	38.0	38.0	0.00016	0.00016	0.00016	0.00091	0.0002	0.1	0.01	0.01	0.02	0.09	0.10	1.59
74	69313	100.0	10.0	38.0	38.0	37.2	38.0	38.0	0.00016	0.00016	0.00016	0.00069	0.00016	0.1	0.01	0.01	0.02	0.09	0.10	1.63
75	69313	100.0	11.0	38.0	38.0	36.9	38.0	38.0	0.00016	0.00016	0.00016	0.001	0.00016	0.079	0.01	0.01	0.02	0.09	0.10	1.71
76	69313	100.0	10.0	38.0	38.0	36.8	38.0	38.0	0.00016	0.00016	0.00016	0.0011	0.00016	0.1	0.01	0.01	0.02	0.09	0.10	1.79
77	69313	100.0	10.0	38.0	38.0	37.0	38.0	38.0	0.00016	0.00016	0.00016	0.00085	0.00016	0.1	0.01	0.01	0.02	0.09	0.10	1.79
78	69313	100.0	11.0	38.0	38.0	36.9	38.0	38.0	0.00016	0.00016	0.00016	0.001	0.00016	0.079	0.01	0.01	0.02	0.09	0.10	1.79
79	69313	100.0	11.0	37.0	38.0	36.7	38.0	38.0	0.00016	0.00016	0.00016	0.0011	0.0002	0.079	0.01	0.01	0.02	0.09	0.10	1.81
80	69313	100.0	10.0	37.0	38.0	36.4	38.0	38.0	0.00016	0.00016	0.00016	0.0015	0.0002	0.1	0.01	0.01	0.02	0.10	0.10	1.81
81	69313	100.0	10.0	37.0	38.0	36.0	38.0	38.0	0.00016	0.00016	0.00016	0.0019	0.0002	0.1	0.01	0.01	0.02	0.10	0.10	1.81
82	69313	100.0	10.0	37.0	38.0	36.2	38.0	38.0	0.00016	0.00016	0.00016	0.0018	0.0002	0.1	0.01	0.01	0.02	0.10	0.10	1.81
83	69313	100.0	10.0	37.0	38.0	36.3	38.0	38.0	0.00016	0.00016	0.00016	0.0017	0.0002	0.1	0.01	0.01	0.02	0.10	0.10	1.81
84	69313	100.0	10.0	37.0	38.0	36.8	38.0	38.0	0.00016	0.00016	0.00016	0.001	0.0002	0.1	0.01	0.01	0.02	0.10	0.10	1.81
85	69313	100.0	10.0	37.0	38.0	36.6	38.0	38.0	0.00016	0.00016	0.00016	0.0013	0.0002	0.1	0.01	0.01	0.02	0.10	0.11	1.81
86	69313	100.0	10.0	37.0	38.0	36.3	38.0	38.0	0.00016	0.00016	0.00016	0.0016	0.0002	0.1	0.01	0.01	0.02	0.11	0.11	1.81
87	69313	100.0	10.0	37.0	38.0	36.1	38.0	38.0	0.00016	0.00016	0.00016	0.0018	0.0002	0.1	0.01	0.01	0.02	0.11	0.11	1.81
88	69313	100.0	10.0	37.0	38.0	36.3	38.0	38.0	0.00016	0.00016	0.00016	0.0015	0.0002	0.1	0.01	0.01	0.02	0.11	0.11	1.89
89	69313	100.0	9.0	36.0	38.0	36.1	38.0	38.0	0.00016	0.00016	0.00016	0.0019	0.00025	0.13	0.01	0.01	0.02	0.11	0.11	1.97
90	69313	100.0	10.0	36.0	38.0	36.1	38.0	38.0	0.00016	0.00016	0.00016	0.0019	0.00025	0.1	0.01	0.01	0.02	0.11	0.11	1.97
91	69313	100.0	10.0	37.0	38.0	36.6	38.0	38.0	0.00016	0.00016	0.00016	0.0011	0.0002	0.1	0.01	0.01	0.02	0.11	0.11	2.07
92	69311	100.0	10.0	36.0	38.0	36.1	38.0	38.0	0.00016	0.00016	0.00016	0.0018	0.00025	0.1	0.01	0.02	0.02	0.12	0.11	2.07
93	69264	99.9	10.0	36.0	38.0	36.1	38.0	38.0	0.00016	0.00016	0.00016	0.0021	0.00025	0.1	0.01	0.02	0.02	0.12	0.11	2.17
94	69263	99.9	10.0	37.0	38.0	36.8	38.0	38.0	0.00016	0.00016	0.00016	0.0011	0.0002	0.1	0.01	0.02	0.02	0.12	0.11	2.17
95	69263	99.9	10.0	37.0	38.0	36.8	38.0	38.0	0.00016	0.00016	0.00016	0.0012	0.0002	0.1	0.02	0.02	0.02	0.12	0.11	2.17
96	69261	99.9	10.0	37.0	38.0	36.9	38.0	38.0	0.00016	0.00016	0.00016	0.00099	0.0002	0.1	0.02	0.02	0.02	0.12	0.11	2.18
97	69260	99.9	10.0	37.0	38.0	36.7	38.0	38.0	0.00016	0.00016	0.00016	0.0012	0.0002	0.1	0.02	0.02	0.02	0.12	0.12	2.18
98	69259	99.9	10.0	37.0	38.0	36.3	38.0	38.0	0.00016	0.00016	0.00016	0.0016	0.0002	0.1	0.02	0.02	0.02	0.12	0.12	2.18
99	69256	99.9	10.0	37.0	38.0	36.2	38.0	38.0	0.00016	0.00016	0.00016	0.0019	0.0002	0.1	0.02	0.02	0.02	0.13	0.12	2.18
100	69248	99.9	10.0	37.0	38.0	36.3	38.0	38.0	0.00016	0.00016	0.00016	0.0017	0.0002	0.1	0.02	0.02	0.02	0.13	0.12	2.26
101	69198	99.8	9.0	37.0	38.0	36.8	38.0	38.0	0.00016	0.00016	0.00016	0.0012	0.0002	0.13	0.02	0.02	0.02	0.13	0.12	2.34
102	67628	97.6	10.0	37.0	38.0	37.0	38.0	38.0	0.00016	0.00016	0.00016	0.00092	0.0002	0.1	0.02	0.02	0.02	0.13	0.12	2.34
103	10573	15.3	10.0	37.0	38.0	36.6	38.0	38.0	0.00016	0.00016	0.00016	0.0014	0.0002	0.1	0.02	0.02	0.03	0.15	0.14	2.34
104	1843	2.7	9.0	37.0	38.0	36.4	38.0	38.0	0.00016	0.00016	0.00016	0.0018	0.0002	0.13	0.02	0.02	0.03	0.17	0.19	1.84
105	1766	2.5	9.0	37.0	38.0	36.1	38.0	38.0	0.00016	0.00016	0.00016	0.0022	0.0002	0.13	0.02	0.02	0.03	0.17	0.19	1.84
106	58	0.1	25.0	34.0	38.0	35.9	38.0	38.0	0.00016	0.00016	0.00016	0.0004	0.0004	0.0032	0.02	0.02	0.05	0.19	0.22	1.15
107	51	0.1	27.0	38.0	38.0	37.3	38.0	38.0	0.00016	0.00016	0.00016	0.00025	0.00016	0.002	0.02	0.02	0.05	0.21	0.25	1.15
108	51	0.1	27.0	38.0	38.0	37.2	38.0	38.0	0.00016	0.00016	0.00016	0.00023	0.00016	0.002	0.02	0.02	0.05	0.21	0.25	1.16
109	50	0.1	34.0	38.0	38.0	37.5	38.0	38.0	0.00016	0.00016	0.00016	0.00018	0.00016	0.0004	0.02	0.02	0.04	0.19	0.22	1.16
110	50	0.1	21.0	38.0	38.0	37.3	38.0	38.0	0.00016	0.00016	0.00016	0.00033	0.00016	0.0079	0.02	0.02	0.05	0.19	0.22	1.16
111	49	0.1	26.0	38.0	38.0	37.2	38.0	38.0	0.00016	0.00016	0.00016	0.00024	0.00016	0.0025	0.02	0.02	0.05	0.18	0.22	1.16
112	46	0.1	11.0	38.0	38.0	36.8	38.0	38.0	0.00016	0.00016	0.00016	0.0019	0.00016	0.079	0.02	0.02	0.05	0.18	0.22	1.16
113	35	0.1	25.0	38.0	38.0	37.1	38.0	38.0	0.00016	0.00016	0.00016	0.00029	0.00016	0.0032	0.02	0.02	0.05	0.19	0.23	1.16
114	23	0.0	23.0	37.0	38.0	36.3	38.0	38.0	0.00016	0.00016	0.00016	0.0006	0.0002	0.005	0.02	0.02	0.05	0.18	0.22	1.17
115	9	0.0	11.0	38.0	38.0	35.0	38.0	38.0	0.00016	0.00016	0.00016	0.009	0.00016	0.079	0.02	0.02	0.02	0.18	0.13	1.25
116	8	0.0	37.0	38.0	38.0	37.9	38.0	38.0	0.00016	0.00016	0.00016	0.00016	0.00016	0.0002	0.02	0.02	0.02	0.20	0.13	1.25
117	7	0.0	37.0	37.0	38.0	37.7	38.0	38.0	0.00016	0.00016	0.00016	0.00017	0.0002	0.0002	0.02	0.02	0.02	0.23	0.14	1.25
118	5	0.0	23.0	38.0	38.0	35.0	38.0	38.0	0.00016	0.00016	0.00016	0.0011	0.00016	0.005	0.02	0.02	0.03	0.07	0.13	0.14
119	2	0.0	38.0	38.0	38.0	38.0	38.0	38.0	0.00016	0.00016	0.00016	0.00016	0.00016	0.00016	0.02	0.02	0.02	0.08	0.14	0.14
120	2	0.0	38.0	38.0	38.0	38.0	38.0	38.0	0.00016	0.00016	0.00016	0.00016	0.00016	0.00016	0.02	0.02	0.02	0.08	0.14	0.14
121	1	0.0	38.0	38.0	38.0	38.0	38.0	38.0	0.00016	0.00016	0.00016	0.00016	0.00016	0.00016	0.14	0.14	0.14	0.14	0.14	0.14
