Pos	Recs	PctRecs	Min_Q	Low_Q	Med_Q	Mean_Q	Hi_Q	Max_Q	Min_Pe	Low_Pe	Med_Pe	Mean_Pe	Hi_Pe	Max_Pe	Min_EE	Low_EE	Med_EE	Mean_EE	Hi_EE	Max_EE
1	78138	100.0	10.0	38.0	38.0	37.2	38.0	38.0	0.00016	0.00016	0.00016	0.00066	0.00016	0.1	0.00	0.00	0.00	0.00	0.00	0.10
2	78138	100.0	10.0	38.0	38.0	37.2	38.0	38.0	0.00016	0.00016	0.00016	0.00062	0.00016	0.1	0.00	0.00	0.00	0.00	0.00	0.20
3	78138	100.0	10.0	38.0	38.0	37.4	38.0	38.0	0.00016	0.00016	0.00016	0.00049	0.00016	0.1	0.00	0.00	0.00	0.00	0.00	0.24
4	78138	100.0	10.0	37.0	38.0	36.9	38.0	38.0	0.00016	0.00016	0.00016	0.00086	0.0002	0.1	0.00	0.00	0.00	0.00	0.00	0.32
5	78138	100.0	10.0	37.0	38.0	36.9	38.0	38.0	0.00016	0.00016	0.00016	0.001	0.0002	0.1	0.00	0.00	0.00	0.00	0.00	0.33
6	78138	100.0	10.0	37.0	38.0	36.8	38.0	38.0	0.00016	0.00016	0.00016	0.0012	0.0002	0.1	0.00	0.00	0.00	0.00	0.00	0.33
7	78138	100.0	10.0	37.0	38.0	36.7	38.0	38.0	0.00016	0.00016	0.00016	0.0012	0.0002	0.1	0.00	0.00	0.00	0.01	0.00	0.41
8	78138	100.0	10.0	37.0	38.0	36.6	38.0	38.0	0.00016	0.00016	0.00016	0.0012	0.0002	0.1	0.00	0.00	0.00	0.01	0.00	0.48
9	78138	100.0	10.0	37.0	38.0	36.3	38.0	38.0	0.00016	0.00016	0.00016	0.0015	0.0002	0.1	0.00	0.00	0.00	0.01	0.00	0.56
10	78138	100.0	10.0	37.0	38.0	36.7	38.0	38.0	0.00016	0.00016	0.00016	0.0012	0.0002	0.1	0.00	0.00	0.00	0.01	0.00	0.56
11	78138	100.0	10.0	37.0	38.0	36.9	38.0	38.0	0.00016	0.00016	0.00016	0.0012	0.0002	0.1	0.00	0.00	0.00	0.01	0.00	0.56
12	78138	100.0	10.0	37.0	38.0	36.8	38.0	38.0	0.00016	0.00016	0.00016	0.0012	0.0002	0.1	0.00	0.00	0.00	0.01	0.00	0.57
13	78138	100.0	10.0	37.0	38.0	36.5	38.0	38.0	0.00016	0.00016	0.00016	0.0014	0.0002	0.1	0.00	0.00	0.00	0.01	0.00	0.65
14	78138	100.0	10.0	37.0	38.0	36.7	38.0	38.0	0.00016	0.00016	0.00016	0.0011	0.0002	0.1	0.00	0.00	0.00	0.01	0.00	0.66
15	78138	100.0	10.0	37.0	38.0	36.5	38.0	38.0	0.00016	0.00016	0.00016	0.0015	0.0002	0.1	0.00	0.00	0.00	0.02	0.01	0.74
16	78138	100.0	10.0	37.0	38.0	36.9	38.0	38.0	0.00016	0.00016	0.00016	0.00092	0.0002	0.1	0.00	0.00	0.00	0.02	0.01	0.74
17	78138	100.0	10.0	37.0	38.0	36.9	38.0	38.0	0.00016	0.00016	0.00016	0.001	0.0002	0.1	0.00	0.00	0.00	0.02	0.01	0.74
18	78138	100.0	10.0	37.0	38.0	36.5	38.0	38.0	0.00016	0.00016	0.00016	0.0014	0.0002	0.1	0.00	0.00	0.00	0.02	0.01	0.82
19	78138	100.0	10.0	37.0	38.0	36.7	38.0	38.0	0.00016	0.00016	0.00016	0.0012	0.0002	0.1	0.00	0.00	0.00	0.02	0.01	0.90
20	78138	100.0	10.0	37.0	38.0	36.6	38.0	38.0	0.00016	0.00016	0.00016	0.0013	0.0002	0.1	0.00	0.00	0.00	0.02	0.01	0.90
21	78138	100.0	10.0	37.0	38.0	36.5	38.0	38.0	0.00016	0.00016	0.00016	0.0012	0.0002	0.1	0.00	0.00	0.00	0.02	0.01	0.90
22	78138	100.0	10.0	37.0	38.0	36.6	38.0	38.0	0.00016	0.00016	0.00016	0.0012	0.0002	0.1	0.00	0.00	0.00	0.02	0.01	0.95
23	78138	100.0	10.0	37.0	38.0	36.4	38.0	38.0	0.00016	0.00016	0.00016	0.0015	0.0002	0.1	0.00	0.00	0.00	0.03	0.01	0.95
24	78138	100.0	10.0	37.0	38.0	36.9	38.0	38.0	0.00016	0.00016	0.00016	0.00061	0.0002	0.1	0.00	0.00	0.00	0.03	0.01	0.96
25	78138	100.0	10.0	37.0	38.0	36.2	38.0	38.0	0.00016	0.00016	0.00016	0.0015	0.0002	0.1	0.00	0.00	0.00	0.03	0.01	0.96
26	78138	100.0	10.0	37.0	38.0	36.6	38.0	38.0	0.00016	0.00016	0.00016	0.0012	0.0002	0.1	0.00	0.00	0.00	0.03	0.01	0.96
27	78138	100.0	10.0	37.0	38.0	35.9	38.0	38.0	0.00016	0.00016	0.00016	0.0021	0.0002	0.1	0.00	0.00	0.01	0.03	0.01	1.06
28	78138	100.0	10.0	37.0	38.0	36.6	38.0	38.0	0.00016	0.00016	0.00016	0.0012	0.0002	0.1	0.00	0.00	0.01	0.03	0.01	1.06
29	78138	100.0	10.0	37.0	38.0	36.6	38.0	38.0	0.00016	0.00016	0.00016	0.0015	0.0002	0.1	0.00	0.00	0.01	0.03	0.01	1.07
30	78138	100.0	10.0	37.0	38.0	36.7	38.0	38.0	0.00016	0.00016	0.00016	0.0014	0.0002	0.1	0.00	0.00	0.01	0.04	0.01	1.07
31	78138	100.0	10.0	37.0	38.0	36.9	38.0	38.0	0.00016	0.00016	0.00016	0.001	0.0002	0.1	0.00	0.01	0.01	0.04	0.01	1.17
32	78138	100.0	10.0	37.0	38.0	36.8	38.0	38.0	0.00016	0.00016	0.00016	0.0011	0.0002	0.1	0.01	0.01	0.01	0.04	0.01	1.17
33	78138	100.0	10.0	37.0	38.0	36.7	38.0	38.0	0.00016	0.00016	0.00016	0.0013	0.0002	0.1	0.01	0.01	0.01	0.04	0.01	1.17
34	78138	100.0	10.0	37.0	38.0	37.0	38.0	38.0	0.00016	0.00016	0.00016	0.00091	0.0002	0.1	0.01	0.01	0.01	0.04	0.01	1.17
35	78138	100.0	10.0	37.0	38.0	36.7	38.0	38.0	0.00016	0.00016	0.00016	0.0013	0.0002	0.1	0.01	0.01	0.01	0.04	0.02	1.17
36	78138	100.0	10.0	37.0	38.0	36.9	38.0	38.0	0.00016	0.00016	0.00016	0.001	0.0002	0.1	0.01	0.01	0.01	0.04	0.02	1.20
37	78138	100.0	10.0	37.0	38.0	36.5	38.0	38.0	0.00016	0.00016	0.00016	0.0015	0.0002	0.1	0.01	0.01	0.01	0.04	0.02	1.20
38	78138	100.0	10.0	37.0	38.0	36.4	38.0	38.0	0.00016	0.00016	0.00016	0.0014	0.0002	0.1	0.01	0.01	0.01	0.05	0.02	1.28
39	78138	100.0	10.0	37.0	38.0	36.8	38.0	38.0	0.00016	0.00016	0.00016	0.0012	0.0002	0.1	0.01	0.01	0.01	0.05	0.02	1.28
40	78138	100.0	10.0	37.0	38.0	36.8	38.0	38.0	0.00016	0.00016	0.00016	0.0012	0.0002	0.1	0.01	0.01	0.01	0.05	0.02	1.29
41	78138	100.0	10.0	37.0	38.0	36.4	38.0	38.0	0.00016	0.00016	0.00016	0.0016	0.0002	0.1	0.01	0.01	0.01	0.05	0.02	1.37
42	78138	100.0	10.0	37.0	38.0	36.5	38.0	38.0	0.00016	0.00016	0.00016	0.0014	0.0002	0.1	0.01	0.01	0.01	0.05	0.02	1.37
43	78138	100.0	10.0	37.0	38.0	37.0	38.0	38.0	0.00016	0.00016	0.00016	0.00088	0.0002	0.1	0.01	0.01	0.01	0.05	0.02	1.37
44	78138	100.0	10.0	37.0	38.0	36.8	38.0	38.0	0.00016	0.00016	0.00016	0.0011	0.0002	0.1	0.01	0.01	0.01	0.05	0.02	1.37
45	78138	100.0	10.0	36.0	38.0	36.1	38.0	38.0	0.00016	0.00016	0.00016	0.0014	0.00025	0.1	0.01	0.01	0.01	0.05	0.02	1.37
46	78138	100.0	10.0	37.0	38.0	37.2	38.0	38.0	0.00016	0.00016	0.00016	0.00064	0.0002	0.1	0.01	0.01	0.01	0.05	0.02	1.37
47	78138	100.0	10.0	37.0	38.0	36.7	38.0	38.0	0.00016	0.00016	0.00016	0.0011	0.0002	0.1	0.01	0.01	0.01	0.06	0.02	1.37
48	78138	100.0	10.0	38.0	38.0	37.1	38.0	38.0	0.00016	0.00016	0.00016	0.00071	0.00016	0.1	0.01	0.01	0.01	0.06	0.02	1.37
49	78138	100.0	10.0	37.0	38.0	36.7	38.0	38.0	0.00016	0.00016	0.00016	0.001	0.0002	0.1	0.01	0.01	0.01	0.06	0.03	1.37
50	78138	100.0	10.0	37.0	38.0	36.5	38.0	38.0	0.00016	0.00016	0.00016	0.0013	0.0002	0.1	0.01	0.01	0.01	0.06	0.03	1.37
51	78138	100.0	10.0	37.0	38.0	36.5	38.0	38.0	0.00016	0.00016	0.00016	0.0014	0.0002	0.1	0.01	0.01	0.01	0.06	0.03	1.37
52	78138	100.0	10.0	37.0	38.0	36.3	38.0	38.0	0.00016	0.00016	0.00016	0.0016	0.0002	0.1	0.01	0.01	0.01	0.06	0.03	1.44
53	78138	100.0	10.0	36.0	38.0	35.9	38.0	38.0	0.00016	0.00016	0.00016	0.0022	0.00025	0.1	0.01	0.01	0.01	0.06	0.03	1.47
54	78138	100.0	10.0	37.0	38.0	36.7	38.0	38.0	0.00016	0.00016	0.00016	0.0011	0.0002	0.1	0.01	0.01	0.01	0.07	0.03	1.52
55	78138	100.0	10.0	37.0	38.0	36.9	38.0	38.0	0.00016	0.00016	0.00016	0.00096	0.0002	0.1	0.01	0.01	0.01	0.07	0.03	1.53
56	78138	100.0	10.0	37.0	38.0	36.7	38.0	38.0	0.00016	0.00016	0.00016	0.0012	0.0002	0.1	0.01	0.01	0.01	0.07	0.03	1.53
57	78138	100.0	10.0	38.0	38.0	37.0	38.0	38.0	0.00016	0.00016	0.00016	0.00098	0.00016	0.1	0.01	0.01	0.01	0.07	0.04	1.53
58	78138	100.0	10.0	38.0	38.0	37.2	38.0	38.0	0.00016	0.00016	0.00016	0.00069	0.00016	0.1	0.01	0.01	0.01	0.07	0.04	1.53
59	78138	100.0	10.0	37.0	38.0	37.0	38.0	38.0	0.00016	0.00016	0.00016	0.00089	0.0002	0.1	0.01	0.01	0.01	0.07	0.04	1.53
60	78138	100.0	10.0	37.0	38.0	36.1	38.0	38.0	0.00016	0.00016	0.00016	0.0017	0.0002	0.1	0.01	0.01	0.01	0.07	0.04	1.53
61	78138	100.0	10.0	37.0	38.0	36.8	38.0	38.0	0.00016	0.00016	0.00016	0.00092	0.0002	0.1	0.01	0.01	0.01	0.07	0.04	1.53
62	78138	100.0	10.0	37.0	38.0	36.6	38.0	38.0	0.00016	0.00016	0.00016	0.0013	0.0002	0.1	0.01	0.01	0.01	0.07	0.05	1.61
63	78138	100.0	10.0	37.0	38.0	36.6	38.0	38.0	0.00016	0.00016	0.00016	0.0013	0.0002	0.1	0.01	0.01	0.01	0.07	0.05	1.62
64	78138	100.0	10.0	37.0	38.0	36.5	38.0	38.0	0.00016	0.00016	0.00016	0.0016	0.0002	0.1	0.01	0.01	0.01	0.08	0.09	1.62
65	78138	100.0	10.0	37.0	38.0	36.3	38.0	38.0	0.00016	0.00016	0.00016	0.0017	0.0002	0.1	0.01	0.01	0.01	0.08	0.09	1.62
66	78138	100.0	10.0	37.0	38.0	36.4	38.0	38.0	0.00016	0.00016	0.00016	0.0014	0.0002	0.1	0.01	0.01	0.01	0.08	0.09	1.62
67	78138	100.0	10.0	37.0	38.0	36.5	38.0	38.0	0.00016	0.00016	0.00016	0.0014	0.0002	0.1	0.01	0.01	0.01	0.08	0.09	1.63
68	78138	100.0	10.0	37.0	38.0	36.4	38.0	38.0	0.00016	0.00016	0.00016	0.0016	0.0002	0.1	0.01	0.01	0.01	0.08	0.09	1.63
69	78138	100.0	10.0	37.0	38.0	36.7	38.0	38.0	0.00016	0.00016	0.00016	0.0012	0.0002	0.1	0.01	0.01	0.01	0.08	0.09	1.69
70	78138	100.0	10.0	37.0	38.0	36.3	38.0	38.0	0.00016	0.00016	0.00016	0.0015	0.0002	0.1	0.01	0.01	0.02	0.09	0.10	1.70
71	78138	100.0	10.0	37.0	38.0	36.2	38.0	38.0	0.00016	0.00016	0.00016	0.0019	0.0002	0.1	0.01	0.01	0.02	0.09	0.10	1.70
72	78138	100.0	10.0	37.0	38.0	36.7	38.0	38.0	0.00016	0.00016	0.00016	0.0012	0.0002	0.1	0.01	0.01	0.02	0.09	0.10	1.70
73	78138	100.0	10.0	37.0	38.0	36.9	38.0	38.0	0.00016	0.00016	0.00016	0.001	0.0002	0.1	0.01	0.01	0.02	0.09	0.10	1.70
74	78138	100.0	10.0	38.0	38.0	37.1	38.0	38.0	0.00016	0.00016	0.00016	0.00077	0.00016	0.1	0.01	0.01	0.02	0.09	0.10	1.70
75	78138	100.0	10.0	38.0	38.0	37.0	38.0	38.0	0.00016	0.00016	0.00016	0.001	0.00016	0.1	0.01	0.01	0.02	0.09	0.10	1.70
76	78138	100.0	10.0	38.0	38.0	36.9	38.0	38.0	0.00016	0.00016	0.00016	0.00099	0.00016	0.1	0.01	0.01	0.02	0.09	0.10	1.70
77	78138	100.0	9.0	38.0	38.0	36.9	38.0	38.0	0.00016	0.00016	0.00016	0.00096	0.00016	0.13	0.01	0.01	0.02	0.09	0.10	1.70
78	78138	100.0	10.0	37.0	38.0	36.7	38.0	38.0	0.00016	0.00016	0.00016	0.0013	0.0002	0.1	0.01	0.01	0.02	0.09	0.10	1.70
79	78138	100.0	9.0	37.0	38.0	36.4	38.0	38.0	0.00016	0.00016	0.00016	0.0015	0.0002	0.13	0.01	0.01	0.02	0.10	0.10	1.70
80	78138	100.0	9.0	37.0	38.0	36.4	38.0	38.0	0.00016	0.00016	0.00016	0.0014	0.0002	0.13	0.01	0.01	0.02	0.10	0.10	1.70
81	78138	100.0	9.0	36.0	38.0	35.5	38.0	38.0	0.00016	0.00016	0.00016	0.0026	0.00025	0.13	0.01	0.01	0.02	0.10	0.10	1.71
82	78138	100.0	9.0	37.0	38.0	36.2	38.0	38.0	0.00016	0.00016	0.00016	0.0016	0.0002	0.13	0.01	0.01	0.02	0.10	0.11	1.75
83	78138	100.0	10.0	37.0	38.0	36.3	38.0	38.0	0.00016	0.00016	0.00016	0.0017	0.0002	0.1	0.01	0.01	0.02	0.10	0.11	1.75
84	78138	100.0	9.0	37.0	38.0	36.7	38.0	38.0	0.00016	0.00016	0.00016	0.0011	0.0002	0.13	0.01	0.01	0.02	0.10	0.11	1.83
85	78138	100.0	9.0	37.0	38.0	36.4	38.0	38.0	0.00016	0.00016	0.00016	0.0015	0.0002	0.13	0.01	0.01	0.02	0.11	0.11	1.83
86	78138	100.0	9.0	37.0	38.0	36.1	38.0	38.0	0.00016	0.00016	0.00016	0.0018	0.0002	0.13	0.01	0.01	0.02	0.11	0.11	1.83
87	78138	100.0	9.0	37.0	38.0	35.8	38.0	38.0	0.00016	0.00016	0.00016	0.0021	0.0002	0.13	0.01	0.01	0.02	0.11	0.11	1.83
88	78138	100.0	9.0	37.0	38.0	36.4	38.0	38.0	0.00016	0.00016	0.00016	0.0014	0.0002	0.13	0.01	0.01	0.02	0.11	0.11	1.83
89	78138	100.0	9.0	36.0	38.0	36.0	38.0	38.0	0.00016	0.00016	0.00016	0.0018	0.00025	0.13	0.01	0.01	0.02	0.11	0.11	1.85
90	78138	100.0	9.0	35.0	38.0	35.5	38.0	38.0	0.00016	0.00016	0.00016	0.0028	0.00032	0.13	0.01	0.01	0.02	0.12	0.11	1.89
91	78138	100.0	9.0	37.0	38.0	36.4	38.0	38.0	0.00016	0.00016	0.00016	0.0011	0.0002	0.13	0.01	0.02	0.02	0.12	0.11	1.90
92	78100	100.0	9.0	36.0	38.0	35.8	38.0	38.0	0.00016	0.00016	0.00016	0.0022	0.00025	0.13	0.01	0.02	0.02	0.12	0.12	1.94
93	78100	100.0	9.0	36.0	38.0	36.1	38.0	38.0	0.00016	0.00016	0.00016	0.0018	0.00025	0.13	0.01	0.02	0.02	0.12	0.12	1.94
94	78056	99.9	9.0	37.0	38.0	36.7	38.0	38.0	0.00016	0.00016	0.00016	0.0012	0.0002	0.13	0.01	0.02	0.02	0.12	0.12	1.94
95	78024	99.9	9.0	37.0	38.0	37.0	38.0	38.0	0.00016	0.00016	0.00016	0.00085	0.0002	0.13	0.02	0.02	0.02	0.12	0.12	1.94
96	78010	99.8	9.0	37.0	38.0	37.2	38.0	38.0	0.00016	0.00016	0.00016	0.00066	0.0002	0.13	0.02	0.02	0.02	0.12	0.12	1.94
97	77995	99.8	9.0	37.0	38.0	36.5	38.0	38.0	0.00016	0.00016	0.00016	0.0013	0.0002	0.13	0.02	0.02	0.02	0.13	0.12	1.97
98	77931	99.7	9.0	37.0	38.0	36.2	38.0	38.0	0.00016	0.00016	0.00016	0.0017	0.0002	0.13	0.02	0.02	0.02	0.13	0.12	2.03
99	77906	99.7	9.0	37.0	38.0	35.9	38.0	38.0	0.00016	0.00016	0.00016	0.002	0.0002	0.13	0.02	0.02	0.02	0.13	0.12	2.11
100	77639	99.4	9.0	37.0	38.0	36.2	38.0	38.0	0.00016	0.00016	0.00016	0.0018	0.0002	0.13	0.02	0.02	0.02	0.13	0.12	2.17
101	77279	98.9	9.0	37.0	38.0	36.7	38.0	38.0	0.00016	0.00016	0.00016	0.0013	0.0002	0.13	0.02	0.02	0.02	0.13	0.12	2.17
102	76627	98.1	9.0	37.0	38.0	36.8	38.0	38.0	0.00016	0.00016	0.00016	0.0011	0.0002	0.13	0.02	0.02	0.02	0.13	0.12	2.20
103	2101	2.7	9.0	37.0	38.0	36.4	38.0	38.0	0.00016	0.00016	0.00016	0.0018	0.0002	0.13	0.02	0.02	0.03	0.18	0.21	2.16
104	1365	1.7	9.0	37.0	38.0	36.0	38.0	38.0	0.00016	0.00016	0.00016	0.0024	0.0002	0.13	0.02	0.02	0.03	0.20	0.22	2.17
105	1216	1.6	9.0	37.0	38.0	36.1	38.0	38.0	0.00016	0.00016	0.00016	0.0022	0.0002	0.13	0.02	0.02	0.03	0.20	0.23	2.18
106	767	1.0	9.0	36.0	38.0	35.6	38.0	38.0	0.00016	0.00016	0.00016	0.0025	0.00025	0.13	0.02	0.02	0.04	0.22	0.28	1.87
107	750	1.0	10.0	37.0	38.0	36.3	38.0	38.0	0.00016	0.00016	0.00016	0.0018	0.0002	0.1	0.02	0.02	0.04	0.23	0.28	1.87
108	749	1.0	10.0	37.0	38.0	36.4	38.0	38.0	0.00016	0.00016	0.00016	0.0017	0.0002	0.1	0.02	0.02	0.04	0.23	0.29	1.87
109	743	1.0	10.0	37.0	38.0	36.5	38.0	38.0	0.00016	0.00016	0.00016	0.0016	0.0002	0.1	0.02	0.02	0.04	0.23	0.29	1.97
110	541	0.7	10.0	37.0	38.0	36.2	38.0	38.0	0.00016	0.00016	0.00016	0.0025	0.0002	0.1	0.02	0.02	0.04	0.24	0.30	1.97
111	456	0.6	10.0	37.0	38.0	36.4	38.0	38.0	0.00016	0.00016	0.00016	0.0017	0.0002	0.1	0.02	0.02	0.04	0.24	0.28	1.97
112	428	0.5	11.0	37.0	38.0	36.6	38.0	38.0	0.00016	0.00016	0.00016	0.0011	0.0002	0.079	0.02	0.02	0.04	0.24	0.28	1.97
113	396	0.5	11.0	37.0	38.0	37.0	38.0	38.0	0.00016	0.00016	0.00016	0.0005	0.00016	0.079	0.02	0.02	0.03	0.24	0.27	1.97
114	300	0.4	11.0	38.0	38.0	37.0	38.0	38.0	0.00016	0.00016	0.00016	0.0011	0.00016	0.079	0.02	0.02	0.04	0.25	0.28	1.97
115	253	0.3	10.0	38.0	38.0	36.9	38.0	38.0	0.00016	0.00016	0.00016	0.0007	0.00016	0.1	0.02	0.02	0.04	0.24	0.27	1.80
116	135	0.2	11.0	37.0	38.0	36.6	38.0	38.0	0.00016	0.00016	0.00016	0.0021	0.0002	0.079	0.02	0.02	0.03	0.21	0.23	1.52
117	133	0.2	10.0	37.0	38.0	36.4	38.0	38.0	0.00016	0.00016	0.00016	0.0024	0.0002	0.1	0.02	0.02	0.03	0.21	0.23	1.52
118	116	0.1	22.0	38.0	38.0	37.2	38.0	38.0	0.00016	0.00016	0.00016	0.00027	0.00016	0.0063	0.02	0.02	0.03	0.21	0.25	1.52
119	85	0.1	27.0	38.0	38.0	37.3	38.0	38.0	0.00016	0.00016	0.00016	0.00023	0.00016	0.002	0.02	0.02	0.03	0.19	0.13	1.52
120	85	0.1	11.0	38.0	38.0	36.9	38.0	38.0	0.00016	0.00016	0.00016	0.0012	0.00016	0.079	0.02	0.02	0.03	0.19	0.13	1.52
121	39	0.0	21.0	37.0	38.0	36.5	38.0	38.0	0.00016	0.00016	0.00016	0.00053	0.0002	0.0079	0.02	0.02	0.03	0.22	0.31	1.16
