Pos	Recs	PctRecs	Min_Q	Low_Q	Med_Q	Mean_Q	Hi_Q	Max_Q	Min_Pe	Low_Pe	Med_Pe	Mean_Pe	Hi_Pe	Max_Pe	Min_EE	Low_EE	Med_EE	Mean_EE	Hi_EE	Max_EE
1	74842	100.0	10.0	38.0	38.0	37.2	38.0	38.0	0.00016	0.00016	0.00016	0.00072	0.00016	0.1	0.00	0.00	0.00	0.00	0.00	0.10
2	74842	100.0	10.0	38.0	38.0	37.2	38.0	38.0	0.00016	0.00016	0.00016	0.00059	0.00016	0.1	0.00	0.00	0.00	0.00	0.00	0.18
3	74842	100.0	11.0	38.0	38.0	37.4	38.0	38.0	0.00016	0.00016	0.00016	0.00053	0.00016	0.079	0.00	0.00	0.00	0.00	0.00	0.24
4	74842	100.0	11.0	37.0	38.0	36.9	38.0	38.0	0.00016	0.00016	0.00016	0.0009	0.0002	0.079	0.00	0.00	0.00	0.00	0.00	0.32
5	74842	100.0	10.0	38.0	38.0	36.9	38.0	38.0	0.00016	0.00016	0.00016	0.00092	0.00016	0.1	0.00	0.00	0.00	0.00	0.00	0.34
6	74842	100.0	10.0	37.0	38.0	37.0	38.0	38.0	0.00016	0.00016	0.00016	0.00096	0.0002	0.1	0.00	0.00	0.00	0.00	0.00	0.40
7	74842	100.0	10.0	37.0	38.0	36.8	38.0	38.0	0.00016	0.00016	0.00016	0.0012	0.0002	0.1	0.00	0.00	0.00	0.01	0.00	0.40
8	74842	100.0	11.0	37.0	38.0	36.5	38.0	38.0	0.00016	0.00016	0.00016	0.0014	0.0002	0.079	0.00	0.00	0.00	0.01	0.00	0.48
9	74842	100.0	10.0	37.0	38.0	36.3	38.0	38.0	0.00016	0.00016	0.00016	0.0016	0.0002	0.1	0.00	0.00	0.00	0.01	0.00	0.48
10	74842	100.0	10.0	37.0	38.0	36.3	38.0	38.0	0.00016	0.00016	0.00016	0.0017	0.0002	0.1	0.00	0.00	0.00	0.01	0.00	0.56
11	74842	100.0	10.0	37.0	38.0	36.7	38.0	38.0	0.00016	0.00016	0.00016	0.0013	0.0002	0.1	0.00	0.00	0.00	0.01	0.00	0.57
12	74842	100.0	10.0	38.0	38.0	37.1	38.0	38.0	0.00016	0.00016	0.00016	0.00078	0.00016	0.1	0.00	0.00	0.00	0.01	0.00	0.64
13	74842	100.0	10.0	37.0	38.0	36.5	38.0	38.0	0.00016	0.00016	0.00016	0.0014	0.0002	0.1	0.00	0.00	0.00	0.01	0.00	0.64
14	74842	100.0	10.0	37.0	38.0	36.2	38.0	38.0	0.00016	0.00016	0.00016	0.0018	0.0002	0.1	0.00	0.00	0.00	0.02	0.00	0.72
15	74842	100.0	10.0	37.0	38.0	36.4	38.0	38.0	0.00016	0.00016	0.00016	0.0016	0.0002	0.1	0.00	0.00	0.00	0.02	0.01	0.80
16	74842	100.0	10.0	37.0	38.0	37.1	38.0	38.0	0.00016	0.00016	0.00016	0.00066	0.0002	0.1	0.00	0.00	0.00	0.02	0.01	0.81
17	74842	100.0	10.0	37.0	38.0	36.5	38.0	38.0	0.00016	0.00016	0.00016	0.0016	0.0002	0.1	0.00	0.00	0.00	0.02	0.01	0.88
18	74842	100.0	11.0	37.0	38.0	36.5	38.0	38.0	0.00016	0.00016	0.00016	0.0015	0.0002	0.079	0.00	0.00	0.00	0.02	0.01	0.88
19	74842	100.0	11.0	37.0	38.0	36.5	38.0	38.0	0.00016	0.00016	0.00016	0.0014	0.0002	0.079	0.00	0.00	0.00	0.02	0.01	0.88
20	74842	100.0	11.0	37.0	38.0	36.4	38.0	38.0	0.00016	0.00016	0.00016	0.0016	0.0002	0.079	0.00	0.00	0.00	0.02	0.01	0.88
21	74842	100.0	11.0	37.0	38.0	36.4	38.0	38.0	0.00016	0.00016	0.00016	0.0015	0.0002	0.079	0.00	0.00	0.00	0.03	0.01	0.96
22	74842	100.0	11.0	37.0	38.0	36.3	38.0	38.0	0.00016	0.00016	0.00016	0.0016	0.0002	0.079	0.00	0.00	0.00	0.03	0.01	0.96
23	74842	100.0	11.0	37.0	38.0	36.7	38.0	38.0	0.00016	0.00016	0.00016	0.0012	0.0002	0.079	0.00	0.00	0.00	0.03	0.01	0.97
24	74842	100.0	10.0	37.0	37.0	36.9	38.0	38.0	0.00016	0.00016	0.0002	0.00049	0.0002	0.1	0.00	0.00	0.00	0.03	0.01	1.05
25	74842	100.0	10.0	36.0	37.0	36.0	38.0	38.0	0.00016	0.00016	0.0002	0.0016	0.00025	0.1	0.00	0.00	0.00	0.03	0.01	1.13
26	74842	100.0	10.0	36.0	37.0	35.3	38.0	38.0	0.00016	0.00016	0.0002	0.0027	0.00025	0.1	0.00	0.00	0.00	0.03	0.01	1.13
27	74842	100.0	10.0	37.0	38.0	36.1	38.0	38.0	0.00016	0.00016	0.00016	0.0017	0.0002	0.1	0.00	0.00	0.01	0.03	0.01	1.13
28	74842	100.0	10.0	37.0	38.0	36.6	38.0	38.0	0.00016	0.00016	0.00016	0.0011	0.0002	0.1	0.00	0.00	0.01	0.04	0.01	1.14
29	74842	100.0	10.0	37.0	38.0	36.4	38.0	38.0	0.00016	0.00016	0.00016	0.0016	0.0002	0.1	0.00	0.00	0.01	0.04	0.01	1.14
30	74842	100.0	10.0	37.0	38.0	36.6	38.0	38.0	0.00016	0.00016	0.00016	0.0014	0.0002	0.1	0.00	0.00	0.01	0.04	0.01	1.14
31	74842	100.0	11.0	38.0	38.0	37.1	38.0	38.0	0.00016	0.00016	0.00016	0.00075	0.00016	0.079	0.00	0.01	0.01	0.04	0.01	1.14
32	74842	100.0	10.0	37.0	38.0	36.7	38.0	38.0	0.00016	0.00016	0.00016	0.0013	0.0002	0.1	0.01	0.01	0.01	0.04	0.01	1.15
33	74842	100.0	10.0	37.0	38.0	36.8	38.0	38.0	0.00016	0.00016	0.00016	0.0011	0.0002	0.1	0.01	0.01	0.01	0.04	0.02	1.16
34	74842	100.0	10.0	37.0	38.0	36.9	38.0	38.0	0.00016	0.00016	0.00016	0.001	0.0002	0.1	0.01	0.01	0.01	0.04	0.02	1.24
35	74842	100.0	10.0	38.0	38.0	37.1	38.0	38.0	0.00016	0.00016	0.00016	0.00074	0.00016	0.1	0.01	0.01	0.01	0.04	0.02	1.24
36	74842	100.0	10.0	37.0	38.0	36.8	38.0	38.0	0.00016	0.00016	0.00016	0.0012	0.0002	0.1	0.01	0.01	0.01	0.05	0.02	1.24
37	74842	100.0	10.0	37.0	38.0	36.8	38.0	38.0	0.00016	0.00016	0.00016	0.0011	0.0002	0.1	0.01	0.01	0.01	0.05	0.02	1.24
38	74842	100.0	10.0	37.0	38.0	36.0	38.0	38.0	0.00016	0.00016	0.00016	0.002	0.0002	0.1	0.01	0.01	0.01	0.05	0.02	1.32
39	74842	100.0	10.0	37.0	38.0	37.1	38.0	38.0	0.00016	0.00016	0.00016	0.00073	0.0002	0.1	0.01	0.01	0.01	0.05	0.02	1.32
40	74842	100.0	10.0	37.0	38.0	36.9	38.0	38.0	0.00016	0.00016	0.00016	0.001	0.0002	0.1	0.01	0.01	0.01	0.05	0.02	1.33
41	74842	100.0	10.0	37.0	38.0	36.6	38.0	38.0	0.00016	0.00016	0.00016	0.0014	0.0002	0.1	0.01	0.01	0.01	0.05	0.02	1.41
42	74842	100.0	10.0	37.0	38.0	36.2	38.0	38.0	0.00016	0.00016	0.00016	0.0019	0.0002	0.1	0.01	0.01	0.01	0.05	0.02	1.41
43	74842	100.0	10.0	37.0	38.0	36.7	38.0	38.0	0.00016	0.00016	0.00016	0.0012	0.0002	0.1	0.01	0.01	0.01	0.05	0.02	1.41
44	74842	100.0	10.0	37.0	38.0	36.7	38.0	38.0	0.00016	0.00016	0.00016	0.0013	0.0002	0.1	0.01	0.01	0.01	0.06	0.02	1.41
45	74842	100.0	10.0	36.0	38.0	36.3	38.0	38.0	0.00016	0.00016	0.00016	0.0012	0.00025	0.1	0.01	0.01	0.01	0.06	0.03	1.49
46	74842	100.0	10.0	37.0	38.0	37.0	38.0	38.0	0.00016	0.00016	0.00016	0.00085	0.0002	0.1	0.01	0.01	0.01	0.06	0.03	1.49
47	74842	100.0	10.0	37.0	38.0	36.7	38.0	38.0	0.00016	0.00016	0.00016	0.00096	0.0002	0.1	0.01	0.01	0.01	0.06	0.03	1.57
48	74842	100.0	10.0	38.0	38.0	37.1	38.0	38.0	0.00016	0.00016	0.00016	0.00089	0.00016	0.1	0.01	0.01	0.01	0.06	0.03	1.57
49	74842	100.0	10.0	37.0	38.0	36.7	38.0	38.0	0.00016	0.00016	0.00016	0.00099	0.0002	0.1	0.01	0.01	0.01	0.06	0.03	1.57
50	74842	100.0	10.0	36.0	38.0	36.0	38.0	38.0	0.00016	0.00016	0.00016	0.0019	0.00025	0.1	0.01	0.01	0.01	0.06	0.03	1.58
51	74842	100.0	10.0	37.0	38.0	36.4	38.0	38.0	0.00016	0.00016	0.00016	0.0015	0.0002	0.1	0.01	0.01	0.01	0.06	0.03	1.68
52	74842	100.0	10.0	37.0	38.0	36.3	38.0	38.0	0.00016	0.00016	0.00016	0.0017	0.0002	0.1	0.01	0.01	0.01	0.07	0.04	1.68
53	74842	100.0	10.0	36.0	38.0	36.1	38.0	38.0	0.00016	0.00016	0.00016	0.0019	0.00025	0.1	0.01	0.01	0.01	0.07	0.04	1.78
54	74842	100.0	10.0	37.0	38.0	36.7	38.0	38.0	0.00016	0.00016	0.00016	0.0011	0.0002	0.1	0.01	0.01	0.01	0.07	0.04	1.78
55	74842	100.0	10.0	37.0	38.0	36.9	38.0	38.0	0.00016	0.00016	0.00016	0.00096	0.0002	0.1	0.01	0.01	0.01	0.07	0.04	1.86
56	74842	100.0	10.0	37.0	38.0	36.7	38.0	38.0	0.00016	0.00016	0.00016	0.0012	0.0002	0.1	0.01	0.01	0.01	0.07	0.05	1.86
57	74842	100.0	10.0	38.0	38.0	36.9	38.0	38.0	0.00016	0.00016	0.00016	0.001	0.00016	0.1	0.01	0.01	0.01	0.07	0.07	1.86
58	74842	100.0	10.0	38.0	38.0	37.0	38.0	38.0	0.00016	0.00016	0.00016	0.00087	0.00016	0.1	0.01	0.01	0.01	0.07	0.09	1.94
59	74842	100.0	10.0	37.0	38.0	36.8	38.0	38.0	0.00016	0.00016	0.00016	0.0011	0.0002	0.1	0.01	0.01	0.01	0.07	0.09	1.94
60	74842	100.0	10.0	37.0	38.0	36.3	38.0	38.0	0.00016	0.00016	0.00016	0.0014	0.0002	0.1	0.01	0.01	0.01	0.08	0.09	1.94
61	74842	100.0	10.0	37.0	38.0	36.6	38.0	38.0	0.00016	0.00016	0.00016	0.0013	0.0002	0.1	0.01	0.01	0.01	0.08	0.09	1.94
62	74842	100.0	10.0	37.0	38.0	36.8	38.0	38.0	0.00016	0.00016	0.00016	0.0011	0.0002	0.1	0.01	0.01	0.01	0.08	0.09	1.94
63	74842	100.0	10.0	37.0	38.0	36.8	38.0	38.0	0.00016	0.00016	0.00016	0.0011	0.0002	0.1	0.01	0.01	0.01	0.08	0.09	1.94
64	74842	100.0	10.0	37.0	38.0	36.8	38.0	38.0	0.00016	0.00016	0.00016	0.0013	0.0002	0.1	0.01	0.01	0.01	0.08	0.09	1.94
65	74842	100.0	11.0	37.0	38.0	36.4	38.0	38.0	0.00016	0.00016	0.00016	0.0017	0.0002	0.079	0.01	0.01	0.01	0.08	0.09	1.95
66	74842	100.0	10.0	37.0	38.0	36.1	38.0	38.0	0.00016	0.00016	0.00016	0.0017	0.0002	0.1	0.01	0.01	0.01	0.08	0.10	2.03
67	74842	100.0	10.0	37.0	38.0	36.7	38.0	38.0	0.00016	0.00016	0.00016	0.0012	0.0002	0.1	0.01	0.01	0.01	0.08	0.10	2.03
68	74842	100.0	10.0	37.0	38.0	36.7	38.0	38.0	0.00016	0.00016	0.00016	0.0012	0.0002	0.1	0.01	0.01	0.01	0.09	0.10	2.03
69	74842	100.0	10.0	37.0	38.0	36.7	38.0	38.0	0.00016	0.00016	0.00016	0.0012	0.0002	0.1	0.01	0.01	0.01	0.09	0.10	2.03
70	74842	100.0	10.0	37.0	38.0	36.2	38.0	38.0	0.00016	0.00016	0.00016	0.0018	0.0002	0.1	0.01	0.01	0.02	0.09	0.10	2.03
71	74842	100.0	10.0	37.0	38.0	36.2	38.0	38.0	0.00016	0.00016	0.00016	0.0018	0.0002	0.1	0.01	0.01	0.02	0.09	0.10	2.03
72	74842	100.0	10.0	37.0	38.0	36.7	38.0	38.0	0.00016	0.00016	0.00016	0.0011	0.0002	0.1	0.01	0.01	0.02	0.09	0.10	2.03
73	74842	100.0	10.0	37.0	38.0	36.8	38.0	38.0	0.00016	0.00016	0.00016	0.0011	0.0002	0.1	0.01	0.01	0.02	0.09	0.10	2.03
74	74842	100.0	10.0	37.0	38.0	36.9	38.0	38.0	0.00016	0.00016	0.00016	0.00095	0.0002	0.1	0.01	0.01	0.02	0.09	0.10	2.03
75	74842	100.0	10.0	37.0	38.0	36.9	38.0	38.0	0.00016	0.00016	0.00016	0.0011	0.0002	0.1	0.01	0.01	0.02	0.10	0.10	2.03
76	74842	100.0	10.0	38.0	38.0	36.9	38.0	38.0	0.00016	0.00016	0.00016	0.00098	0.00016	0.1	0.01	0.01	0.02	0.10	0.10	2.03
77	74842	100.0	10.0	37.0	38.0	36.7	38.0	38.0	0.00016	0.00016	0.00016	0.001	0.0002	0.1	0.01	0.01	0.02	0.10	0.10	2.04
78	74842	100.0	10.0	37.0	38.0	36.5	38.0	38.0	0.00016	0.00016	0.00016	0.0015	0.0002	0.1	0.01	0.01	0.02	0.10	0.10	2.04
79	74842	100.0	10.0	37.0	38.0	36.4	38.0	38.0	0.00016	0.00016	0.00016	0.0016	0.0002	0.1	0.01	0.01	0.02	0.10	0.10	2.04
80	74842	100.0	10.0	37.0	38.0	36.1	38.0	38.0	0.00016	0.00016	0.00016	0.0019	0.0002	0.1	0.01	0.01	0.02	0.10	0.10	2.04
81	74842	100.0	10.0	37.0	38.0	35.7	38.0	38.0	0.00016	0.00016	0.00016	0.0024	0.0002	0.1	0.01	0.01	0.02	0.10	0.11	2.04
82	74842	100.0	10.0	37.0	38.0	36.1	38.0	38.0	0.00016	0.00016	0.00016	0.0018	0.0002	0.1	0.01	0.01	0.02	0.11	0.11	2.04
83	74842	100.0	10.0	37.0	38.0	36.5	38.0	38.0	0.00016	0.00016	0.00016	0.0014	0.0002	0.1	0.01	0.01	0.02	0.11	0.11	2.04
84	74842	100.0	10.0	37.0	38.0	36.5	38.0	38.0	0.00016	0.00016	0.00016	0.0014	0.0002	0.1	0.01	0.01	0.02	0.11	0.11	2.04
85	74842	100.0	10.0	37.0	38.0	36.4	38.0	38.0	0.00016	0.00016	0.00016	0.0015	0.0002	0.1	0.01	0.01	0.02	0.11	0.11	2.04
86	74842	100.0	10.0	37.0	38.0	36.1	38.0	38.0	0.00016	0.00016	0.00016	0.002	0.0002	0.1	0.01	0.01	0.02	0.11	0.11	2.04
87	74842	100.0	10.0	37.0	38.0	35.9	38.0	38.0	0.00016	0.00016	0.00016	0.0022	0.0002	0.1	0.01	0.01	0.02	0.11	0.11	2.04
88	74842	100.0	10.0	37.0	38.0	36.3	38.0	38.0	0.00016	0.00016	0.00016	0.0016	0.0002	0.1	0.01	0.01	0.02	0.12	0.11	2.04
89	74842	100.0	10.0	36.0	38.0	36.0	38.0	38.0	0.00016	0.00016	0.00016	0.002	0.00025	0.1	0.01	0.01	0.02	0.12	0.11	2.04
90	74842	100.0	10.0	35.0	38.0	35.4	38.0	38.0	0.00016	0.00016	0.00016	0.0028	0.00032	0.1	0.01	0.01	0.02	0.12	0.12	2.04
91	74842	100.0	10.0	37.0	38.0	36.3	38.0	38.0	0.00016	0.00016	0.00016	0.0012	0.0002	0.1	0.01	0.02	0.02	0.12	0.12	2.04
92	74842	100.0	10.0	36.0	38.0	35.6	38.0	38.0	0.00016	0.00016	0.00016	0.0027	0.00025	0.1	0.01	0.02	0.02	0.13	0.12	2.04
93	74825	100.0	10.0	36.0	38.0	36.1	38.0	38.0	0.00016	0.00016	0.00016	0.0017	0.00025	0.1	0.01	0.02	0.02	0.13	0.12	2.04
94	74825	100.0	10.0	37.0	38.0	36.5	38.0	38.0	0.00016	0.00016	0.00016	0.0014	0.0002	0.1	0.01	0.02	0.02	0.13	0.12	2.04
95	74824	100.0	10.0	37.0	38.0	36.7	38.0	38.0	0.00016	0.00016	0.00016	0.0012	0.0002	0.1	0.02	0.02	0.02	0.13	0.12	2.04
96	74810	100.0	10.0	37.0	38.0	37.3	38.0	38.0	0.00016	0.00016	0.00016	0.00052	0.0002	0.1	0.02	0.02	0.02	0.13	0.12	2.04
97	74809	100.0	10.0	37.0	38.0	36.5	38.0	38.0	0.00016	0.00016	0.00016	0.0012	0.0002	0.1	0.02	0.02	0.02	0.13	0.12	2.08
98	74807	100.0	10.0	37.0	38.0	36.0	38.0	38.0	0.00016	0.00016	0.00016	0.002	0.0002	0.1	0.02	0.02	0.02	0.13	0.12	2.18
99	74801	99.9	10.0	37.0	38.0	36.1	38.0	38.0	0.00016	0.00016	0.00016	0.0018	0.0002	0.1	0.02	0.02	0.02	0.13	0.12	2.18
100	74792	99.9	10.0	37.0	38.0	36.2	38.0	38.0	0.00016	0.00016	0.00016	0.0016	0.0002	0.1	0.02	0.02	0.02	0.14	0.13	2.18
101	74733	99.9	10.0	37.0	38.0	36.4	38.0	38.0	0.00016	0.00016	0.00016	0.0016	0.0002	0.1	0.02	0.02	0.02	0.14	0.13	2.18
102	74006	98.9	10.0	37.0	38.0	36.5	38.0	38.0	0.00016	0.00016	0.00016	0.0015	0.0002	0.1	0.02	0.02	0.02	0.14	0.13	2.08
103	3794	5.1	10.0	37.0	38.0	36.6	38.0	38.0	0.00016	0.00016	0.00016	0.0014	0.0002	0.1	0.02	0.02	0.03	0.16	0.15	2.01
104	813	1.1	10.0	37.0	38.0	36.3	38.0	38.0	0.00016	0.00016	0.00016	0.002	0.0002	0.1	0.02	0.02	0.03	0.18	0.20	1.66
105	794	1.1	10.0	37.0	38.0	36.4	38.0	38.0	0.00016	0.00016	0.00016	0.0019	0.0002	0.1	0.02	0.02	0.03	0.19	0.21	1.66
106	333	0.4	10.0	36.0	38.0	35.6	38.0	38.0	0.00016	0.00016	0.00016	0.0023	0.00025	0.1	0.02	0.02	0.04	0.19	0.20	1.67
107	294	0.4	11.0	37.0	38.0	37.0	38.0	38.0	0.00016	0.00016	0.00016	0.00081	0.0002	0.079	0.02	0.02	0.04	0.19	0.21	1.67
108	294	0.4	11.0	37.0	38.0	36.8	38.0	38.0	0.00016	0.00016	0.00016	0.00087	0.0002	0.079	0.02	0.02	0.04	0.19	0.21	1.67
109	293	0.4	11.0	38.0	38.0	37.2	38.0	38.0	0.00016	0.00016	0.00016	0.0005	0.00016	0.079	0.02	0.02	0.04	0.19	0.21	1.67
110	196	0.3	11.0	37.0	38.0	36.9	38.0	38.0	0.00016	0.00016	0.00016	0.0015	0.00016	0.079	0.02	0.02	0.04	0.20	0.22	1.67
111	96	0.1	11.0	38.0	38.0	36.9	38.0	38.0	0.00016	0.00016	0.00016	0.0011	0.00016	0.079	0.02	0.02	0.04	0.21	0.22	1.67
112	71	0.1	30.0	37.0	38.0	37.3	38.0	38.0	0.00016	0.00016	0.00016	0.0002	0.0002	0.001	0.02	0.02	0.04	0.17	0.21	1.67
113	69	0.1	24.0	38.0	38.0	37.1	38.0	38.0	0.00016	0.00016	0.00016	0.0003	0.00016	0.004	0.02	0.02	0.05	0.17	0.21	1.67
114	67	0.1	11.0	38.0	38.0	37.1	38.0	38.0	0.00016	0.00016	0.00016	0.0014	0.00016	0.079	0.02	0.02	0.05	0.17	0.21	1.68
115	50	0.1	32.0	38.0	38.0	37.6	38.0	38.0	0.00016	0.00016	0.00016	0.00018	0.00016	0.00063	0.02	0.02	0.05	0.16	0.21	1.35
116	50	0.1	31.0	38.0	38.0	37.4	38.0	38.0	0.00016	0.00016	0.00016	0.0002	0.00016	0.00079	0.02	0.02	0.05	0.16	0.21	1.35
117	50	0.1	10.0	36.0	38.0	36.2	38.0	38.0	0.00016	0.00016	0.00016	0.0023	0.00025	0.1	0.02	0.02	0.05	0.16	0.21	1.35
118	50	0.1	22.0	38.0	38.0	37.1	38.0	38.0	0.00016	0.00016	0.00016	0.00031	0.00016	0.0063	0.02	0.02	0.05	0.16	0.21	1.35
119	23	0.0	31.0	38.0	38.0	37.3	38.0	38.0	0.00016	0.00016	0.00016	0.00021	0.00016	0.00079	0.02	0.02	0.05	0.13	0.22	0.60
120	23	0.0	34.0	38.0	38.0	37.6	38.0	38.0	0.00016	0.00016	0.00016	0.00018	0.00016	0.0004	0.02	0.02	0.05	0.13	0.22	0.60
121	22	0.0	34.0	37.0	38.0	37.4	38.0	38.0	0.00016	0.00016	0.00016	0.00019	0.0002	0.0004	0.02	0.02	0.04	0.13	0.22	0.60
