Pos	Recs	PctRecs	Min_Q	Low_Q	Med_Q	Mean_Q	Hi_Q	Max_Q	Min_Pe	Low_Pe	Med_Pe	Mean_Pe	Hi_Pe	Max_Pe	Min_EE	Low_EE	Med_EE	Mean_EE	Hi_EE	Max_EE
1	78925	100.0	10.0	38.0	38.0	37.2	38.0	38.0	0.00016	0.00016	0.00016	0.0006	0.00016	0.1	0.00	0.00	0.00	0.00	0.00	0.10
2	78925	100.0	10.0	38.0	38.0	37.3	38.0	38.0	0.00016	0.00016	0.00016	0.00055	0.00016	0.1	0.00	0.00	0.00	0.00	0.00	0.20
3	78925	100.0	11.0	38.0	38.0	37.5	38.0	38.0	0.00016	0.00016	0.00016	0.00042	0.00016	0.079	0.00	0.00	0.00	0.00	0.00	0.28
4	78925	100.0	10.0	37.0	38.0	36.9	38.0	38.0	0.00016	0.00016	0.00016	0.0009	0.0002	0.1	0.00	0.00	0.00	0.00	0.00	0.32
5	78925	100.0	10.0	37.0	38.0	36.9	38.0	38.0	0.00016	0.00016	0.00016	0.00095	0.0002	0.1	0.00	0.00	0.00	0.00	0.00	0.35
6	78925	100.0	10.0	37.0	38.0	36.9	38.0	38.0	0.00016	0.00016	0.00016	0.00097	0.0002	0.1	0.00	0.00	0.00	0.00	0.00	0.36
7	78925	100.0	10.0	37.0	38.0	36.9	38.0	38.0	0.00016	0.00016	0.00016	0.001	0.0002	0.1	0.00	0.00	0.00	0.01	0.00	0.40
8	78925	100.0	10.0	37.0	38.0	36.6	38.0	38.0	0.00016	0.00016	0.00016	0.0012	0.0002	0.1	0.00	0.00	0.00	0.01	0.00	0.48
9	78925	100.0	10.0	37.0	38.0	36.2	38.0	38.0	0.00016	0.00016	0.00016	0.0017	0.0002	0.1	0.00	0.00	0.00	0.01	0.00	0.56
10	78925	100.0	10.0	37.0	38.0	36.9	38.0	38.0	0.00016	0.00016	0.00016	0.00099	0.0002	0.1	0.00	0.00	0.00	0.01	0.00	0.64
11	78925	100.0	10.0	37.0	38.0	37.0	38.0	38.0	0.00016	0.00016	0.00016	0.00093	0.0002	0.1	0.00	0.00	0.00	0.01	0.00	0.64
12	78925	100.0	10.0	38.0	38.0	37.0	38.0	38.0	0.00016	0.00016	0.00016	0.00097	0.00016	0.1	0.00	0.00	0.00	0.01	0.00	0.65
13	78925	100.0	10.0	37.0	38.0	36.6	38.0	38.0	0.00016	0.00016	0.00016	0.0012	0.0002	0.1	0.00	0.00	0.00	0.01	0.00	0.73
14	78925	100.0	10.0	37.0	38.0	36.8	38.0	38.0	0.00016	0.00016	0.00016	0.001	0.0002	0.1	0.00	0.00	0.00	0.01	0.00	0.73
15	78925	100.0	10.0	37.0	38.0	36.7	38.0	38.0	0.00016	0.00016	0.00016	0.0013	0.0002	0.1	0.00	0.00	0.00	0.01	0.00	0.73
16	78925	100.0	10.0	37.0	38.0	37.0	38.0	38.0	0.00016	0.00016	0.00016	0.00086	0.0002	0.1	0.00	0.00	0.00	0.02	0.00	0.73
17	78925	100.0	10.0	37.0	38.0	37.0	38.0	38.0	0.00016	0.00016	0.00016	0.00095	0.0002	0.1	0.00	0.00	0.00	0.02	0.01	0.73
18	78925	100.0	11.0	37.0	38.0	36.6	38.0	38.0	0.00016	0.00016	0.00016	0.0013	0.0002	0.079	0.00	0.00	0.00	0.02	0.01	0.73
19	78925	100.0	11.0	37.0	38.0	36.9	38.0	38.0	0.00016	0.00016	0.00016	0.00096	0.0002	0.079	0.00	0.00	0.00	0.02	0.01	0.73
20	78925	100.0	10.0	37.0	38.0	36.9	38.0	38.0	0.00016	0.00016	0.00016	0.00098	0.0002	0.1	0.00	0.00	0.00	0.02	0.01	0.81
21	78925	100.0	11.0	37.0	38.0	36.5	38.0	38.0	0.00016	0.00016	0.00016	0.0013	0.0002	0.079	0.00	0.00	0.00	0.02	0.01	0.81
22	78925	100.0	10.0	37.0	38.0	36.7	38.0	38.0	0.00016	0.00016	0.00016	0.0011	0.0002	0.1	0.00	0.00	0.00	0.02	0.01	0.89
23	78925	100.0	10.0	37.0	38.0	36.6	38.0	38.0	0.00016	0.00016	0.00016	0.0014	0.0002	0.1	0.00	0.00	0.00	0.02	0.01	0.97
24	78925	100.0	10.0	37.0	38.0	37.0	38.0	38.0	0.00016	0.00016	0.00016	0.00057	0.0002	0.1	0.00	0.00	0.00	0.02	0.01	0.97
25	78925	100.0	10.0	37.0	38.0	36.1	38.0	38.0	0.00016	0.00016	0.00016	0.0017	0.0002	0.1	0.00	0.00	0.00	0.03	0.01	0.97
26	78925	100.0	10.0	37.0	38.0	36.5	38.0	38.0	0.00016	0.00016	0.00016	0.0013	0.0002	0.1	0.00	0.00	0.00	0.03	0.01	0.97
27	78925	100.0	10.0	37.0	38.0	36.0	38.0	38.0	0.00016	0.00016	0.00016	0.0021	0.0002	0.1	0.00	0.00	0.00	0.03	0.01	0.97
28	78925	100.0	10.0	37.0	38.0	36.8	38.0	38.0	0.00016	0.00016	0.00016	0.00097	0.0002	0.1	0.00	0.00	0.01	0.03	0.01	0.97
29	78925	100.0	10.0	37.0	38.0	36.8	38.0	38.0	0.00016	0.00016	0.00016	0.0011	0.0002	0.1	0.00	0.00	0.01	0.03	0.01	1.05
30	78925	100.0	10.0	37.0	38.0	36.9	38.0	38.0	0.00016	0.00016	0.00016	0.0011	0.0002	0.1	0.00	0.00	0.01	0.03	0.01	1.06
31	78925	100.0	10.0	37.0	38.0	37.0	38.0	38.0	0.00016	0.00016	0.00016	0.00089	0.0002	0.1	0.00	0.00	0.01	0.03	0.01	1.06
32	78925	100.0	10.0	37.0	38.0	36.9	38.0	38.0	0.00016	0.00016	0.00016	0.00097	0.0002	0.1	0.01	0.01	0.01	0.03	0.01	1.06
33	78925	100.0	10.0	38.0	38.0	36.9	38.0	38.0	0.00016	0.00016	0.00016	0.0011	0.00016	0.1	0.01	0.01	0.01	0.04	0.01	1.06
34	78925	100.0	11.0	38.0	38.0	37.1	38.0	38.0	0.00016	0.00016	0.00016	0.00087	0.00016	0.079	0.01	0.01	0.01	0.04	0.01	1.06
35	78925	100.0	11.0	37.0	38.0	36.9	38.0	38.0	0.00016	0.00016	0.00016	0.0011	0.0002	0.079	0.01	0.01	0.01	0.04	0.01	1.07
36	78925	100.0	10.0	38.0	38.0	37.1	38.0	38.0	0.00016	0.00016	0.00016	0.00086	0.00016	0.1	0.01	0.01	0.01	0.04	0.01	1.15
37	78925	100.0	10.0	37.0	38.0	36.7	38.0	38.0	0.00016	0.00016	0.00016	0.0013	0.0002	0.1	0.01	0.01	0.01	0.04	0.01	1.22
38	78925	100.0	10.0	37.0	38.0	36.6	38.0	38.0	0.00016	0.00016	0.00016	0.0012	0.0002	0.1	0.01	0.01	0.01	0.04	0.02	1.22
39	78925	100.0	10.0	37.0	38.0	36.9	38.0	38.0	0.00016	0.00016	0.00016	0.001	0.0002	0.1	0.01	0.01	0.01	0.04	0.02	1.23
40	78925	100.0	10.0	37.0	38.0	36.8	38.0	38.0	0.00016	0.00016	0.00016	0.0011	0.0002	0.1	0.01	0.01	0.01	0.04	0.02	1.24
41	78925	100.0	10.0	37.0	38.0	36.6	38.0	38.0	0.00016	0.00016	0.00016	0.0014	0.0002	0.1	0.01	0.01	0.01	0.04	0.02	1.24
42	78925	100.0	10.0	37.0	38.0	36.7	38.0	38.0	0.00016	0.00016	0.00016	0.0012	0.0002	0.1	0.01	0.01	0.01	0.05	0.02	1.24
43	78925	100.0	10.0	38.0	38.0	37.2	38.0	38.0	0.00016	0.00016	0.00016	0.00074	0.00016	0.1	0.01	0.01	0.01	0.05	0.02	1.24
44	78925	100.0	10.0	37.0	38.0	37.0	38.0	38.0	0.00016	0.00016	0.00016	0.00088	0.0002	0.1	0.01	0.01	0.01	0.05	0.02	1.24
45	78925	100.0	10.0	37.0	38.0	36.4	38.0	38.0	0.00016	0.00016	0.00016	0.0012	0.0002	0.1	0.01	0.01	0.01	0.05	0.02	1.32
46	78925	100.0	10.0	38.0	38.0	37.3	38.0	38.0	0.00016	0.00016	0.00016	0.00047	0.00016	0.1	0.01	0.01	0.01	0.05	0.02	1.32
47	78925	100.0	10.0	38.0	38.0	37.0	38.0	38.0	0.00016	0.00016	0.00016	0.00084	0.00016	0.1	0.01	0.01	0.01	0.05	0.02	1.40
48	78925	100.0	10.0	38.0	38.0	37.3	38.0	38.0	0.00016	0.00016	0.00016	0.00059	0.00016	0.1	0.01	0.01	0.01	0.05	0.02	1.40
49	78925	100.0	10.0	38.0	38.0	36.8	38.0	38.0	0.00016	0.00016	0.00016	0.00092	0.00016	0.1	0.01	0.01	0.01	0.05	0.02	1.40
50	78925	100.0	10.0	37.0	38.0	36.7	38.0	38.0	0.00016	0.00016	0.00016	0.0012	0.0002	0.1	0.01	0.01	0.01	0.05	0.02	1.40
51	78925	100.0	10.0	37.0	38.0	36.6	38.0	38.0	0.00016	0.00016	0.00016	0.0013	0.0002	0.1	0.01	0.01	0.01	0.05	0.02	1.40
52	78925	100.0	10.0	37.0	38.0	36.4	38.0	38.0	0.00016	0.00016	0.00016	0.0015	0.0002	0.1	0.01	0.01	0.01	0.06	0.02	1.40
53	78925	100.0	10.0	36.0	38.0	36.0	38.0	38.0	0.00016	0.00016	0.00016	0.0022	0.00025	0.1	0.01	0.01	0.01	0.06	0.02	1.40
54	78925	100.0	10.0	37.0	38.0	36.8	38.0	38.0	0.00016	0.00016	0.00016	0.0009	0.0002	0.1	0.01	0.01	0.01	0.06	0.02	1.40
55	78925	100.0	10.0	37.0	38.0	37.0	38.0	38.0	0.00016	0.00016	0.00016	0.00085	0.0002	0.1	0.01	0.01	0.01	0.06	0.03	1.40
56	78925	100.0	11.0	37.0	38.0	36.7	38.0	38.0	0.00016	0.00016	0.00016	0.0012	0.0002	0.079	0.01	0.01	0.01	0.06	0.03	1.40
57	78925	100.0	10.0	38.0	38.0	37.1	38.0	38.0	0.00016	0.00016	0.00016	0.00086	0.00016	0.1	0.01	0.01	0.01	0.06	0.03	1.40
58	78925	100.0	10.0	38.0	38.0	37.2	38.0	38.0	0.00016	0.00016	0.00016	0.0007	0.00016	0.1	0.01	0.01	0.01	0.06	0.03	1.41
59	78925	100.0	11.0	38.0	38.0	37.0	38.0	38.0	0.00016	0.00016	0.00016	0.00083	0.00016	0.079	0.01	0.01	0.01	0.06	0.03	1.41
60	78925	100.0	10.0	37.0	38.0	36.1	38.0	38.0	0.00016	0.00016	0.00016	0.0018	0.0002	0.1	0.01	0.01	0.01	0.06	0.03	1.41
61	78925	100.0	10.0	37.0	38.0	36.9	38.0	38.0	0.00016	0.00016	0.00016	0.00081	0.0002	0.1	0.01	0.01	0.01	0.07	0.03	1.41
62	78925	100.0	10.0	37.0	38.0	36.7	38.0	38.0	0.00016	0.00016	0.00016	0.0012	0.0002	0.1	0.01	0.01	0.01	0.07	0.03	1.49
63	78925	100.0	10.0	37.0	38.0	36.8	38.0	38.0	0.00016	0.00016	0.00016	0.001	0.0002	0.1	0.01	0.01	0.01	0.07	0.03	1.57
64	78925	100.0	10.0	37.0	38.0	36.7	38.0	38.0	0.00016	0.00016	0.00016	0.0013	0.0002	0.1	0.01	0.01	0.01	0.07	0.03	1.57
65	78925	100.0	10.0	37.0	38.0	36.3	38.0	38.0	0.00016	0.00016	0.00016	0.0017	0.0002	0.1	0.01	0.01	0.01	0.07	0.03	1.57
66	78925	100.0	10.0	37.0	38.0	36.4	38.0	38.0	0.00016	0.00016	0.00016	0.0013	0.0002	0.1	0.01	0.01	0.01	0.07	0.04	1.57
67	78925	100.0	10.0	37.0	38.0	36.7	38.0	38.0	0.00016	0.00016	0.00016	0.0013	0.0002	0.1	0.01	0.01	0.01	0.07	0.04	1.63
68	78925	100.0	10.0	37.0	38.0	36.5	38.0	38.0	0.00016	0.00016	0.00016	0.0015	0.0002	0.1	0.01	0.01	0.01	0.07	0.04	1.64
69	78925	100.0	10.0	37.0	38.0	36.9	38.0	38.0	0.00016	0.00016	0.00016	0.00087	0.0002	0.1	0.01	0.01	0.01	0.08	0.04	1.64
70	78925	100.0	10.0	37.0	38.0	36.4	38.0	38.0	0.00016	0.00016	0.00016	0.0015	0.0002	0.1	0.01	0.01	0.01	0.08	0.04	1.64
71	78925	100.0	10.0	37.0	38.0	36.5	38.0	38.0	0.00016	0.00016	0.00016	0.0014	0.0002	0.1	0.01	0.01	0.01	0.08	0.05	1.64
72	78925	100.0	11.0	37.0	38.0	37.0	38.0	38.0	0.00016	0.00016	0.00016	0.00088	0.0002	0.079	0.01	0.01	0.01	0.08	0.05	1.65
73	78925	100.0	10.0	38.0	38.0	37.0	38.0	38.0	0.00016	0.00016	0.00016	0.00091	0.00016	0.1	0.01	0.01	0.01	0.08	0.05	1.65
74	78925	100.0	10.0	38.0	38.0	37.3	38.0	38.0	0.00016	0.00016	0.00016	0.00057	0.00016	0.1	0.01	0.01	0.01	0.08	0.05	1.65
75	78925	100.0	10.0	38.0	38.0	37.0	38.0	38.0	0.00016	0.00016	0.00016	0.00095	0.00016	0.1	0.01	0.01	0.02	0.08	0.06	1.65
76	78925	100.0	10.0	38.0	38.0	37.0	38.0	38.0	0.00016	0.00016	0.00016	0.00083	0.00016	0.1	0.01	0.01	0.02	0.08	0.09	1.65
77	78925	100.0	10.0	38.0	38.0	36.8	38.0	38.0	0.00016	0.00016	0.00016	0.001	0.00016	0.1	0.01	0.01	0.02	0.08	0.09	1.69
78	78925	100.0	10.0	37.0	38.0	36.7	38.0	38.0	0.00016	0.00016	0.00016	0.0012	0.0002	0.1	0.01	0.01	0.02	0.08	0.09	1.71
79	78925	100.0	10.0	37.0	38.0	36.4	38.0	38.0	0.00016	0.00016	0.00016	0.0016	0.0002	0.1	0.01	0.01	0.02	0.09	0.09	1.78
80	78925	100.0	10.0	37.0	38.0	36.6	38.0	38.0	0.00016	0.00016	0.00016	0.0013	0.0002	0.1	0.01	0.01	0.02	0.09	0.10	1.79
81	78925	100.0	10.0	37.0	38.0	35.7	38.0	38.0	0.00016	0.00016	0.00016	0.0023	0.0002	0.1	0.01	0.01	0.02	0.09	0.10	1.87
82	78925	100.0	10.0	37.0	38.0	36.4	38.0	38.0	0.00016	0.00016	0.00016	0.0015	0.0002	0.1	0.01	0.01	0.02	0.09	0.10	1.95
83	78925	100.0	10.0	37.0	38.0	36.5	38.0	38.0	0.00016	0.00016	0.00016	0.0014	0.0002	0.1	0.01	0.01	0.02	0.09	0.10	1.95
84	78925	100.0	10.0	37.0	38.0	36.7	38.0	38.0	0.00016	0.00016	0.00016	0.0011	0.0002	0.1	0.01	0.01	0.02	0.09	0.10	1.95
85	78925	100.0	10.0	37.0	38.0	36.4	38.0	38.0	0.00016	0.00016	0.00016	0.0015	0.0002	0.1	0.01	0.01	0.02	0.10	0.10	1.95
86	78925	100.0	10.0	37.0	38.0	36.4	38.0	38.0	0.00016	0.00016	0.00016	0.0015	0.0002	0.1	0.01	0.01	0.02	0.10	0.10	1.95
87	78925	100.0	10.0	37.0	38.0	36.3	38.0	38.0	0.00016	0.00016	0.00016	0.0016	0.0002	0.1	0.01	0.01	0.02	0.10	0.10	1.98
88	78925	100.0	10.0	37.0	38.0	36.7	38.0	38.0	0.00016	0.00016	0.00016	0.0011	0.0002	0.1	0.01	0.01	0.02	0.10	0.10	1.98
89	78925	100.0	10.0	37.0	38.0	36.3	38.0	38.0	0.00016	0.00016	0.00016	0.0015	0.0002	0.1	0.01	0.01	0.02	0.10	0.10	1.98
90	78925	100.0	9.0	36.0	38.0	35.7	38.0	38.0	0.00016	0.00016	0.00016	0.0025	0.00025	0.13	0.01	0.01	0.02	0.10	0.10	2.08
91	78925	100.0	9.0	37.0	38.0	36.7	38.0	38.0	0.00016	0.00016	0.00016	0.00089	0.0002	0.13	0.01	0.01	0.02	0.10	0.11	2.09
92	78921	100.0	9.0	36.0	38.0	36.0	38.0	38.0	0.00016	0.00016	0.00016	0.0021	0.00025	0.13	0.01	0.02	0.02	0.11	0.11	2.19
93	78907	100.0	9.0	37.0	38.0	36.3	38.0	38.0	0.00016	0.00016	0.00016	0.0015	0.0002	0.13	0.01	0.02	0.02	0.11	0.11	2.29
94	78903	100.0	10.0	37.0	38.0	36.6	38.0	38.0	0.00016	0.00016	0.00016	0.0013	0.0002	0.1	0.01	0.02	0.02	0.11	0.11	2.29
95	78898	100.0	10.0	37.0	38.0	36.8	38.0	38.0	0.00016	0.00016	0.00016	0.001	0.0002	0.1	0.02	0.02	0.02	0.11	0.11	2.29
96	78822	99.9	9.0	37.0	38.0	37.1	38.0	38.0	0.00016	0.00016	0.00016	0.00075	0.0002	0.13	0.02	0.02	0.02	0.11	0.11	2.29
97	78816	99.9	9.0	37.0	38.0	36.4	38.0	38.0	0.00016	0.00016	0.00016	0.0015	0.0002	0.13	0.02	0.02	0.02	0.11	0.11	2.29
98	78815	99.9	9.0	37.0	38.0	36.2	38.0	38.0	0.00016	0.00016	0.00016	0.0017	0.0002	0.13	0.02	0.02	0.02	0.11	0.11	2.29
99	78814	99.9	10.0	37.0	38.0	35.9	38.0	38.0	0.00016	0.00016	0.00016	0.0021	0.0002	0.1	0.02	0.02	0.02	0.12	0.11	2.29
100	78772	99.8	9.0	37.0	38.0	36.2	38.0	38.0	0.00016	0.00016	0.00016	0.0018	0.0002	0.13	0.02	0.02	0.02	0.12	0.11	2.29
101	78662	99.7	10.0	37.0	38.0	36.7	38.0	38.0	0.00016	0.00016	0.00016	0.0012	0.0002	0.1	0.02	0.02	0.02	0.12	0.11	2.29
102	75098	95.2	10.0	37.0	38.0	36.9	38.0	38.0	0.00016	0.00016	0.00016	0.00096	0.0002	0.1	0.02	0.02	0.02	0.12	0.11	2.29
103	4058	5.1	10.0	37.0	38.0	36.9	38.0	38.0	0.00016	0.00016	0.00016	0.001	0.0002	0.1	0.02	0.02	0.03	0.15	0.15	2.02
104	2363	3.0	9.0	37.0	38.0	36.6	38.0	38.0	0.00016	0.00016	0.00016	0.0015	0.0002	0.13	0.02	0.02	0.03	0.17	0.20	2.02
105	2244	2.8	9.0	37.0	38.0	36.6	38.0	38.0	0.00016	0.00016	0.00016	0.0016	0.0002	0.13	0.02	0.02	0.03	0.17	0.20	2.02
106	142	0.2	11.0	36.0	38.0	35.8	38.0	38.0	0.00016	0.00016	0.00016	0.0016	0.00025	0.079	0.02	0.02	0.03	0.19	0.22	1.43
107	134	0.2	22.0	37.0	38.0	37.0	38.0	38.0	0.00016	0.00016	0.00016	0.00033	0.0002	0.0063	0.02	0.02	0.03	0.20	0.23	1.44
108	134	0.2	21.0	37.0	38.0	36.7	38.0	38.0	0.00016	0.00016	0.00016	0.00045	0.0002	0.0079	0.02	0.02	0.03	0.20	0.23	1.44
109	133	0.2	11.0	37.0	38.0	36.9	38.0	38.0	0.00016	0.00016	0.00016	0.00088	0.0002	0.079	0.02	0.02	0.03	0.20	0.23	1.44
110	92	0.1	10.0	37.0	38.0	36.3	38.0	38.0	0.00016	0.00016	0.00016	0.0023	0.00016	0.1	0.02	0.02	0.03	0.20	0.21	1.44
111	92	0.1	10.0	38.0	38.0	36.9	38.0	38.0	0.00016	0.00016	0.00016	0.0021	0.00016	0.1	0.02	0.02	0.03	0.21	0.22	1.44
112	84	0.1	27.0	38.0	38.0	37.7	38.0	38.0	0.00016	0.00016	0.00016	0.00019	0.00016	0.002	0.02	0.02	0.03	0.20	0.21	1.44
113	71	0.1	22.0	38.0	38.0	37.3	38.0	38.0	0.00016	0.00016	0.00016	0.00031	0.00016	0.0063	0.02	0.02	0.03	0.20	0.21	1.44
114	29	0.0	31.0	37.0	38.0	37.5	38.0	38.0	0.00016	0.00016	0.00016	0.00019	0.0002	0.00079	0.02	0.02	0.12	0.26	0.27	1.31
115	15	0.0	34.0	38.0	38.0	37.6	38.0	38.0	0.00016	0.00016	0.00016	0.00018	0.00016	0.0004	0.02	0.02	0.03	0.24	0.29	1.15
116	1	0.0	31.0	31.0	31.0	31.0	31.0	31.0	0.00079	0.00079	0.00079	0.00079	0.00079	0.00079	0.70	0.70	0.70	0.70	0.70	0.70
117	1	0.0	24.0	24.0	24.0	24.0	24.0	24.0	0.004	0.004	0.004	0.004	0.004	0.004	0.70	0.70	0.70	0.70	0.70	0.70
