Pos	Recs	PctRecs	Min_Q	Low_Q	Med_Q	Mean_Q	Hi_Q	Max_Q	Min_Pe	Low_Pe	Med_Pe	Mean_Pe	Hi_Pe	Max_Pe	Min_EE	Low_EE	Med_EE	Mean_EE	Hi_EE	Max_EE
1	65934	100.0	10.0	38.0	38.0	37.2	38.0	38.0	0.00016	0.00016	0.00016	0.00063	0.00016	0.1	0.00	0.00	0.00	0.00	0.00	0.10
2	65934	100.0	10.0	38.0	38.0	37.1	38.0	38.0	0.00016	0.00016	0.00016	0.00072	0.00016	0.1	0.00	0.00	0.00	0.00	0.00	0.16
3	65934	100.0	10.0	38.0	38.0	37.3	38.0	38.0	0.00016	0.00016	0.00016	0.00058	0.00016	0.1	0.00	0.00	0.00	0.00	0.00	0.24
4	65934	100.0	10.0	37.0	38.0	36.8	38.0	38.0	0.00016	0.00016	0.00016	0.0011	0.0002	0.1	0.00	0.00	0.00	0.00	0.00	0.32
5	65934	100.0	10.0	37.0	38.0	36.8	38.0	38.0	0.00016	0.00016	0.00016	0.0011	0.0002	0.1	0.00	0.00	0.00	0.00	0.00	0.32
6	65934	100.0	10.0	37.0	38.0	36.7	38.0	38.0	0.00016	0.00016	0.00016	0.0013	0.0002	0.1	0.00	0.00	0.00	0.01	0.00	0.40
7	65934	100.0	10.0	37.0	38.0	36.6	38.0	38.0	0.00016	0.00016	0.00016	0.0013	0.0002	0.1	0.00	0.00	0.00	0.01	0.00	0.40
8	65934	100.0	10.0	37.0	38.0	36.4	38.0	38.0	0.00016	0.00016	0.00016	0.0014	0.0002	0.1	0.00	0.00	0.00	0.01	0.00	0.48
9	65934	100.0	10.0	37.0	38.0	35.9	38.0	38.0	0.00016	0.00016	0.00016	0.0021	0.0002	0.1	0.00	0.00	0.00	0.01	0.00	0.48
10	65934	100.0	10.0	37.0	38.0	36.7	38.0	38.0	0.00016	0.00016	0.00016	0.0012	0.0002	0.1	0.00	0.00	0.00	0.01	0.00	0.49
11	65934	100.0	10.0	37.0	38.0	36.9	38.0	38.0	0.00016	0.00016	0.00016	0.0012	0.0002	0.1	0.00	0.00	0.00	0.01	0.00	0.50
12	65934	100.0	10.0	37.0	38.0	36.8	38.0	38.0	0.00016	0.00016	0.00016	0.0012	0.0002	0.1	0.00	0.00	0.00	0.01	0.00	0.56
13	65934	100.0	10.0	37.0	38.0	36.6	38.0	38.0	0.00016	0.00016	0.00016	0.0012	0.0002	0.1	0.00	0.00	0.00	0.02	0.00	0.58
14	65934	100.0	10.0	37.0	38.0	36.9	38.0	38.0	0.00016	0.00016	0.00016	0.001	0.0002	0.1	0.00	0.00	0.00	0.02	0.00	0.58
15	65934	100.0	10.0	37.0	38.0	36.5	38.0	38.0	0.00016	0.00016	0.00016	0.0015	0.0002	0.1	0.00	0.00	0.00	0.02	0.01	0.66
16	65934	100.0	10.0	37.0	38.0	36.9	38.0	38.0	0.00016	0.00016	0.00016	0.00096	0.0002	0.1	0.00	0.00	0.00	0.02	0.01	0.67
17	65934	100.0	10.0	37.0	38.0	36.8	38.0	38.0	0.00016	0.00016	0.00016	0.0012	0.0002	0.1	0.00	0.00	0.00	0.02	0.01	0.75
18	65934	100.0	10.0	37.0	38.0	36.5	38.0	38.0	0.00016	0.00016	0.00016	0.0014	0.0002	0.1	0.00	0.00	0.00	0.02	0.01	0.76
19	65934	100.0	10.0	37.0	38.0	36.5	38.0	38.0	0.00016	0.00016	0.00016	0.0014	0.0002	0.1	0.00	0.00	0.00	0.02	0.01	0.77
20	65934	100.0	11.0	37.0	38.0	36.6	38.0	38.0	0.00016	0.00016	0.00016	0.0013	0.0002	0.079	0.00	0.00	0.00	0.02	0.01	0.77
21	65934	100.0	11.0	37.0	38.0	36.2	38.0	38.0	0.00016	0.00016	0.00016	0.0017	0.0002	0.079	0.00	0.00	0.00	0.03	0.01	0.81
22	65934	100.0	10.0	37.0	38.0	36.4	38.0	38.0	0.00016	0.00016	0.00016	0.0015	0.0002	0.1	0.00	0.00	0.00	0.03	0.01	0.81
23	65934	100.0	10.0	37.0	38.0	36.4	38.0	38.0	0.00016	0.00016	0.00016	0.0017	0.0002	0.1	0.00	0.00	0.00	0.03	0.01	0.82
24	65934	100.0	10.0	37.0	38.0	36.5	38.0	38.0	0.00016	0.00016	0.00016	0.0012	0.0002	0.1	0.00	0.00	0.00	0.03	0.01	0.82
25	65934	100.0	10.0	36.0	38.0	35.7	38.0	38.0	0.00016	0.00016	0.00016	0.0022	0.00025	0.1	0.00	0.00	0.00	0.03	0.01	0.89
26	65934	100.0	10.0	37.0	38.0	36.1	38.0	38.0	0.00016	0.00016	0.00016	0.0018	0.0002	0.1	0.00	0.00	0.00	0.03	0.01	0.97
27	65934	100.0	10.0	36.0	38.0	35.8	38.0	38.0	0.00016	0.00016	0.00016	0.0023	0.00025	0.1	0.00	0.00	0.01	0.04	0.01	0.98
28	65934	100.0	10.0	37.0	38.0	36.4	38.0	38.0	0.00016	0.00016	0.00016	0.0015	0.0002	0.1	0.00	0.00	0.01	0.04	0.01	0.98
29	65934	100.0	10.0	37.0	38.0	36.3	38.0	38.0	0.00016	0.00016	0.00016	0.0017	0.0002	0.1	0.00	0.00	0.01	0.04	0.01	0.98
30	65934	100.0	10.0	37.0	38.0	36.4	38.0	38.0	0.00016	0.00016	0.00016	0.0017	0.0002	0.1	0.00	0.00	0.01	0.04	0.02	1.01
31	65934	100.0	10.0	37.0	38.0	36.6	38.0	38.0	0.00016	0.00016	0.00016	0.0013	0.0002	0.1	0.00	0.01	0.01	0.04	0.02	1.09
32	65934	100.0	10.0	37.0	38.0	36.5	38.0	38.0	0.00016	0.00016	0.00016	0.0015	0.0002	0.1	0.01	0.01	0.01	0.04	0.02	1.10
33	65934	100.0	10.0	37.0	38.0	36.6	38.0	38.0	0.00016	0.00016	0.00016	0.0016	0.0002	0.1	0.01	0.01	0.01	0.05	0.02	1.10
34	65934	100.0	11.0	37.0	38.0	37.0	38.0	38.0	0.00016	0.00016	0.00016	0.00092	0.0002	0.079	0.01	0.01	0.01	0.05	0.02	1.10
35	65934	100.0	10.0	37.0	38.0	36.7	38.0	38.0	0.00016	0.00016	0.00016	0.0014	0.0002	0.1	0.01	0.01	0.01	0.05	0.02	1.10
36	65934	100.0	10.0	37.0	38.0	36.9	38.0	38.0	0.00016	0.00016	0.00016	0.0011	0.0002	0.1	0.01	0.01	0.01	0.05	0.02	1.10
37	65934	100.0	10.0	37.0	38.0	36.4	38.0	38.0	0.00016	0.00016	0.00016	0.0016	0.0002	0.1	0.01	0.01	0.01	0.05	0.02	1.10
38	65934	100.0	10.0	37.0	38.0	36.4	38.0	38.0	0.00016	0.00016	0.00016	0.0014	0.0002	0.1	0.01	0.01	0.01	0.05	0.02	1.10
39	65934	100.0	10.0	37.0	38.0	36.7	38.0	38.0	0.00016	0.00016	0.00016	0.0013	0.0002	0.1	0.01	0.01	0.01	0.05	0.02	1.15
40	65934	100.0	10.0	37.0	38.0	36.6	38.0	38.0	0.00016	0.00016	0.00016	0.0014	0.0002	0.1	0.01	0.01	0.01	0.05	0.02	1.22
41	65934	100.0	10.0	37.0	38.0	36.3	38.0	38.0	0.00016	0.00016	0.00016	0.0018	0.0002	0.1	0.01	0.01	0.01	0.06	0.03	1.23
42	65934	100.0	10.0	37.0	38.0	36.3	38.0	38.0	0.00016	0.00016	0.00016	0.0017	0.0002	0.1	0.01	0.01	0.01	0.06	0.03	1.26
43	65934	100.0	10.0	37.0	38.0	36.9	38.0	38.0	0.00016	0.00016	0.00016	0.0011	0.0002	0.1	0.01	0.01	0.01	0.06	0.03	1.26
44	65934	100.0	10.0	37.0	38.0	36.6	38.0	38.0	0.00016	0.00016	0.00016	0.0013	0.0002	0.1	0.01	0.01	0.01	0.06	0.03	1.26
45	65934	100.0	10.0	36.0	38.0	36.2	38.0	38.0	0.00016	0.00016	0.00016	0.0015	0.00025	0.1	0.01	0.01	0.01	0.06	0.03	1.26
46	65934	100.0	10.0	37.0	38.0	36.9	38.0	38.0	0.00016	0.00016	0.00016	0.00082	0.0002	0.1	0.01	0.01	0.01	0.06	0.03	1.34
47	65934	100.0	10.0	37.0	38.0	36.7	38.0	38.0	0.00016	0.00016	0.00016	0.0011	0.0002	0.1	0.01	0.01	0.01	0.06	0.04	1.44
48	65934	100.0	10.0	38.0	38.0	37.1	38.0	38.0	0.00016	0.00016	0.00016	0.00073	0.00016	0.1	0.01	0.01	0.01	0.06	0.04	1.44
49	65934	100.0	10.0	37.0	38.0	36.7	38.0	38.0	0.00016	0.00016	0.00016	0.001	0.0002	0.1	0.01	0.01	0.01	0.07	0.05	1.44
50	65934	100.0	10.0	37.0	38.0	36.6	38.0	38.0	0.00016	0.00016	0.00016	0.0013	0.0002	0.1	0.01	0.01	0.01	0.07	0.09	1.44
51	65934	100.0	10.0	37.0	38.0	36.3	38.0	38.0	0.00016	0.00016	0.00016	0.0017	0.0002	0.1	0.01	0.01	0.01	0.07	0.09	1.44
52	65934	100.0	10.0	37.0	38.0	36.2	38.0	38.0	0.00016	0.00016	0.00016	0.0018	0.0002	0.1	0.01	0.01	0.01	0.07	0.09	1.47
53	65934	100.0	10.0	36.0	38.0	36.0	38.0	38.0	0.00016	0.00016	0.00016	0.0023	0.00025	0.1	0.01	0.01	0.01	0.07	0.09	1.47
54	65934	100.0	10.0	37.0	38.0	36.7	38.0	38.0	0.00016	0.00016	0.00016	0.0011	0.0002	0.1	0.01	0.01	0.01	0.07	0.09	1.47
55	65934	100.0	10.0	37.0	38.0	36.9	38.0	38.0	0.00016	0.00016	0.00016	0.0011	0.0002	0.1	0.01	0.01	0.01	0.07	0.09	1.47
56	65934	100.0	10.0	37.0	38.0	36.7	38.0	38.0	0.00016	0.00016	0.00016	0.0012	0.0002	0.1	0.01	0.01	0.01	0.08	0.09	1.47
57	65934	100.0	10.0	38.0	38.0	37.0	38.0	38.0	0.00016	0.00016	0.00016	0.001	0.00016	0.1	0.01	0.01	0.01	0.08	0.09	1.47
58	65934	100.0	10.0	38.0	38.0	37.1	38.0	38.0	0.00016	0.00016	0.00016	0.00075	0.00016	0.1	0.01	0.01	0.01	0.08	0.09	1.47
59	65934	100.0	10.0	37.0	38.0	36.8	38.0	38.0	0.00016	0.00016	0.00016	0.001	0.0002	0.1	0.01	0.01	0.01	0.08	0.09	1.47
60	65934	100.0	10.0	36.0	38.0	35.8	38.0	38.0	0.00016	0.00016	0.00016	0.0021	0.00025	0.1	0.01	0.01	0.01	0.08	0.09	1.47
61	65934	100.0	10.0	37.0	38.0	36.5	38.0	38.0	0.00016	0.00016	0.00016	0.0013	0.0002	0.1	0.01	0.01	0.01	0.08	0.10	1.47
62	65934	100.0	10.0	37.0	38.0	36.4	38.0	38.0	0.00016	0.00016	0.00016	0.0016	0.0002	0.1	0.01	0.01	0.01	0.08	0.10	1.47
63	65934	100.0	10.0	37.0	38.0	36.4	38.0	38.0	0.00016	0.00016	0.00016	0.0015	0.0002	0.1	0.01	0.01	0.01	0.09	0.10	1.48
64	65934	100.0	10.0	37.0	38.0	36.5	38.0	38.0	0.00016	0.00016	0.00016	0.0016	0.0002	0.1	0.01	0.01	0.01	0.09	0.10	1.48
65	65934	100.0	10.0	37.0	38.0	36.4	38.0	38.0	0.00016	0.00016	0.00016	0.0016	0.0002	0.1	0.01	0.01	0.01	0.09	0.10	1.48
66	65934	100.0	10.0	37.0	38.0	36.4	38.0	38.0	0.00016	0.00016	0.00016	0.0014	0.0002	0.1	0.01	0.01	0.01	0.09	0.10	1.51
67	65934	100.0	10.0	37.0	38.0	36.3	38.0	38.0	0.00016	0.00016	0.00016	0.0017	0.0002	0.1	0.01	0.01	0.02	0.09	0.10	1.59
68	65934	100.0	10.0	37.0	38.0	36.4	38.0	38.0	0.00016	0.00016	0.00016	0.0017	0.0002	0.1	0.01	0.01	0.02	0.09	0.10	1.59
69	65934	100.0	10.0	37.0	38.0	36.7	38.0	38.0	0.00016	0.00016	0.00016	0.0012	0.0002	0.1	0.01	0.01	0.02	0.09	0.10	1.59
70	65934	100.0	10.0	37.0	38.0	36.1	38.0	38.0	0.00016	0.00016	0.00016	0.0018	0.0002	0.1	0.01	0.01	0.02	0.10	0.10	1.60
71	65934	100.0	10.0	37.0	38.0	36.3	38.0	38.0	0.00016	0.00016	0.00016	0.0016	0.0002	0.1	0.01	0.01	0.02	0.10	0.10	1.60
72	65934	100.0	10.0	37.0	38.0	36.7	38.0	38.0	0.00016	0.00016	0.00016	0.0012	0.0002	0.1	0.01	0.01	0.02	0.10	0.10	1.60
73	65934	100.0	10.0	37.0	38.0	36.8	38.0	38.0	0.00016	0.00016	0.00016	0.0012	0.0002	0.1	0.01	0.01	0.02	0.10	0.10	1.60
74	65934	100.0	10.0	37.0	38.0	37.0	38.0	38.0	0.00016	0.00016	0.00016	0.0009	0.0002	0.1	0.01	0.01	0.02	0.10	0.10	1.60
75	65934	100.0	10.0	37.0	38.0	36.8	38.0	38.0	0.00016	0.00016	0.00016	0.0012	0.0002	0.1	0.01	0.01	0.02	0.10	0.11	1.60
76	65934	100.0	10.0	37.0	38.0	36.7	38.0	38.0	0.00016	0.00016	0.00016	0.0011	0.0002	0.1	0.01	0.01	0.02	0.10	0.11	1.60
77	65934	100.0	10.0	37.0	38.0	36.7	38.0	38.0	0.00016	0.00016	0.00016	0.0011	0.0002	0.1	0.01	0.01	0.02	0.10	0.11	1.66
78	65934	100.0	10.0	37.0	38.0	36.7	38.0	38.0	0.00016	0.00016	0.00016	0.0012	0.0002	0.1	0.01	0.01	0.02	0.11	0.11	1.66
79	65934	100.0	10.0	37.0	38.0	36.5	38.0	38.0	0.00016	0.00016	0.00016	0.0016	0.0002	0.1	0.01	0.01	0.02	0.11	0.11	1.66
80	65934	100.0	10.0	37.0	38.0	36.5	38.0	38.0	0.00016	0.00016	0.00016	0.0014	0.0002	0.1	0.01	0.01	0.02	0.11	0.11	1.67
81	65934	100.0	9.0	37.0	38.0	35.7	38.0	38.0	0.00016	0.00016	0.00016	0.0024	0.0002	0.13	0.01	0.01	0.02	0.11	0.11	1.67
82	65934	100.0	10.0	37.0	38.0	36.2	38.0	38.0	0.00016	0.00016	0.00016	0.0017	0.0002	0.1	0.01	0.01	0.02	0.11	0.11	1.67
83	65934	100.0	9.0	37.0	38.0	36.1	38.0	38.0	0.00016	0.00016	0.00016	0.0019	0.0002	0.13	0.01	0.01	0.02	0.11	0.11	1.68
84	65934	100.0	10.0	37.0	38.0	36.3	38.0	38.0	0.00016	0.00016	0.00016	0.0016	0.0002	0.1	0.01	0.01	0.02	0.12	0.11	1.68
85	65934	100.0	9.0	37.0	38.0	36.0	38.0	38.0	0.00016	0.00016	0.00016	0.0021	0.0002	0.13	0.01	0.01	0.02	0.12	0.11	1.69
86	65934	100.0	10.0	37.0	38.0	36.2	38.0	38.0	0.00016	0.00016	0.00016	0.0018	0.0002	0.1	0.01	0.01	0.02	0.12	0.12	1.75
87	65934	100.0	10.0	37.0	38.0	35.9	38.0	38.0	0.00016	0.00016	0.00016	0.002	0.0002	0.1	0.01	0.01	0.02	0.12	0.12	1.76
88	65934	100.0	10.0	37.0	38.0	36.2	38.0	38.0	0.00016	0.00016	0.00016	0.0018	0.0002	0.1	0.01	0.01	0.02	0.12	0.12	1.84
89	65934	100.0	9.0	36.0	38.0	36.0	38.0	38.0	0.00016	0.00016	0.00016	0.002	0.00025	0.13	0.01	0.01	0.02	0.13	0.12	1.84
90	65934	100.0	10.0	36.0	38.0	35.4	38.0	38.0	0.00016	0.00016	0.00016	0.0029	0.00025	0.1	0.01	0.01	0.02	0.13	0.12	1.84
91	65934	100.0	9.0	37.0	38.0	36.3	38.0	38.0	0.00016	0.00016	0.00016	0.0014	0.0002	0.13	0.01	0.01	0.02	0.13	0.12	1.94
92	65920	100.0	9.0	36.0	38.0	35.9	38.0	38.0	0.00016	0.00016	0.00016	0.0022	0.00025	0.13	0.01	0.02	0.02	0.13	0.12	1.96
93	65912	100.0	9.0	36.0	38.0	35.9	38.0	38.0	0.00016	0.00016	0.00016	0.0022	0.00025	0.13	0.01	0.02	0.02	0.14	0.12	2.06
94	65912	100.0	10.0	37.0	38.0	36.4	38.0	38.0	0.00016	0.00016	0.00016	0.0017	0.0002	0.1	0.01	0.02	0.02	0.14	0.13	2.06
95	65912	100.0	10.0	37.0	38.0	36.7	38.0	38.0	0.00016	0.00016	0.00016	0.0013	0.0002	0.1	0.02	0.02	0.02	0.14	0.13	2.06
96	65912	100.0	10.0	37.0	38.0	36.8	38.0	38.0	0.00016	0.00016	0.00016	0.0011	0.0002	0.1	0.02	0.02	0.02	0.14	0.13	2.06
97	65912	100.0	10.0	37.0	38.0	36.3	38.0	38.0	0.00016	0.00016	0.00016	0.0016	0.0002	0.1	0.02	0.02	0.02	0.14	0.13	2.07
98	65911	100.0	9.0	37.0	38.0	36.1	38.0	38.0	0.00016	0.00016	0.00016	0.002	0.0002	0.13	0.02	0.02	0.02	0.14	0.13	2.07
99	65908	100.0	9.0	37.0	38.0	36.1	38.0	38.0	0.00016	0.00016	0.00016	0.0019	0.0002	0.13	0.02	0.02	0.02	0.14	0.13	2.10
100	65903	100.0	9.0	37.0	38.0	36.1	38.0	38.0	0.00016	0.00016	0.00016	0.0018	0.0002	0.13	0.02	0.02	0.02	0.15	0.13	2.10
101	65870	99.9	9.0	37.0	38.0	36.4	38.0	38.0	0.00016	0.00016	0.00016	0.0017	0.0002	0.13	0.02	0.02	0.02	0.15	0.13	2.11
102	65468	99.3	9.0	37.0	38.0	36.7	38.0	38.0	0.00016	0.00016	0.00016	0.0012	0.0002	0.13	0.02	0.02	0.02	0.15	0.13	2.12
103	17707	26.9	9.0	37.0	38.0	36.8	38.0	38.0	0.00016	0.00016	0.00016	0.0012	0.0002	0.13	0.02	0.02	0.03	0.17	0.20	2.07
104	6845	10.4	9.0	37.0	38.0	36.7	38.0	38.0	0.00016	0.00016	0.00016	0.0013	0.0002	0.13	0.02	0.02	0.03	0.19	0.22	2.08
105	6128	9.3	9.0	37.0	38.0	36.5	38.0	38.0	0.00016	0.00016	0.00016	0.0013	0.0002	0.13	0.02	0.02	0.03	0.19	0.22	2.09
106	361	0.5	9.0	36.0	38.0	35.7	38.0	38.0	0.00016	0.00016	0.00016	0.0024	0.00025	0.13	0.02	0.02	0.04	0.22	0.31	2.22
107	335	0.5	11.0	38.0	38.0	37.1	38.0	38.0	0.00016	0.00016	0.00016	0.00073	0.00016	0.079	0.02	0.02	0.05	0.22	0.31	2.22
108	335	0.5	10.0	37.0	38.0	36.8	38.0	38.0	0.00016	0.00016	0.00016	0.00095	0.0002	0.1	0.02	0.02	0.05	0.22	0.32	2.22
109	335	0.5	10.0	37.0	38.0	37.2	38.0	38.0	0.00016	0.00016	0.00016	0.00054	0.0002	0.1	0.02	0.02	0.05	0.23	0.32	2.22
110	335	0.5	11.0	37.0	38.0	36.7	38.0	38.0	0.00016	0.00016	0.00016	0.0015	0.0002	0.079	0.02	0.02	0.05	0.23	0.32	2.22
111	332	0.5	11.0	37.0	38.0	36.7	38.0	38.0	0.00016	0.00016	0.00016	0.001	0.0002	0.079	0.02	0.02	0.05	0.23	0.32	2.22
112	177	0.3	10.0	38.0	38.0	36.5	38.0	38.0	0.00016	0.00016	0.00016	0.0018	0.00016	0.1	0.02	0.02	0.05	0.23	0.31	1.91
113	145	0.2	11.0	38.0	38.0	37.1	38.0	38.0	0.00016	0.00016	0.00016	0.0013	0.00016	0.079	0.02	0.02	0.05	0.24	0.32	1.91
114	135	0.2	21.0	38.0	38.0	37.3	38.0	38.0	0.00016	0.00016	0.00016	0.00032	0.00016	0.0079	0.02	0.02	0.04	0.23	0.32	1.91
115	45	0.1	10.0	38.0	38.0	36.7	38.0	38.0	0.00016	0.00016	0.00016	0.0024	0.00016	0.1	0.02	0.02	0.04	0.22	0.32	1.63
116	39	0.1	10.0	38.0	38.0	36.3	38.0	38.0	0.00016	0.00016	0.00016	0.003	0.00016	0.1	0.02	0.02	0.04	0.17	0.30	0.79
117	39	0.1	10.0	38.0	38.0	36.5	38.0	38.0	0.00016	0.00016	0.00016	0.0028	0.00016	0.1	0.02	0.02	0.04	0.17	0.30	0.79
118	2	0.0	38.0	38.0	38.0	38.0	38.0	38.0	0.00016	0.00016	0.00016	0.00016	0.00016	0.00016	0.02	0.02	0.02	0.07	0.11	0.11
119	2	0.0	38.0	38.0	38.0	38.0	38.0	38.0	0.00016	0.00016	0.00016	0.00016	0.00016	0.00016	0.02	0.02	0.02	0.07	0.11	0.11
120	2	0.0	38.0	38.0	38.0	38.0	38.0	38.0	0.00016	0.00016	0.00016	0.00016	0.00016	0.00016	0.02	0.02	0.02	0.07	0.11	0.11
121	2	0.0	38.0	38.0	38.0	38.0	38.0	38.0	0.00016	0.00016	0.00016	0.00016	0.00016	0.00016	0.02	0.02	0.02	0.07	0.11	0.11
