Pos	Recs	PctRecs	Min_Q	Low_Q	Med_Q	Mean_Q	Hi_Q	Max_Q	Min_Pe	Low_Pe	Med_Pe	Mean_Pe	Hi_Pe	Max_Pe	Min_EE	Low_EE	Med_EE	Mean_EE	Hi_EE	Max_EE
1	72803	100.0	10.0	38.0	38.0	37.2	38.0	38.0	0.00016	0.00016	0.00016	0.00065	0.00016	0.1	0.00	0.00	0.00	0.00	0.00	0.10
2	72803	100.0	10.0	38.0	38.0	37.2	38.0	38.0	0.00016	0.00016	0.00016	0.00062	0.00016	0.1	0.00	0.00	0.00	0.00	0.00	0.18
3	72803	100.0	10.0	38.0	38.0	37.4	38.0	38.0	0.00016	0.00016	0.00016	0.00048	0.00016	0.1	0.00	0.00	0.00	0.00	0.00	0.24
4	72803	100.0	11.0	37.0	38.0	37.0	38.0	38.0	0.00016	0.00016	0.00016	0.0009	0.0002	0.079	0.00	0.00	0.00	0.00	0.00	0.32
5	72803	100.0	10.0	37.0	38.0	36.9	38.0	38.0	0.00016	0.00016	0.00016	0.001	0.0002	0.1	0.00	0.00	0.00	0.00	0.00	0.33
6	72803	100.0	10.0	37.0	38.0	36.8	38.0	38.0	0.00016	0.00016	0.00016	0.0011	0.0002	0.1	0.00	0.00	0.00	0.00	0.00	0.33
7	72803	100.0	10.0	37.0	38.0	36.8	38.0	38.0	0.00016	0.00016	0.00016	0.0011	0.0002	0.1	0.00	0.00	0.00	0.01	0.00	0.41
8	72803	100.0	10.0	37.0	38.0	36.7	38.0	38.0	0.00016	0.00016	0.00016	0.0011	0.0002	0.1	0.00	0.00	0.00	0.01	0.00	0.48
9	72803	100.0	10.0	37.0	38.0	36.2	38.0	38.0	0.00016	0.00016	0.00016	0.0016	0.0002	0.1	0.00	0.00	0.00	0.01	0.00	0.56
10	72803	100.0	10.0	37.0	38.0	36.8	38.0	38.0	0.00016	0.00016	0.00016	0.0011	0.0002	0.1	0.00	0.00	0.00	0.01	0.00	0.56
11	72803	100.0	10.0	37.0	38.0	36.9	38.0	38.0	0.00016	0.00016	0.00016	0.0011	0.0002	0.1	0.00	0.00	0.00	0.01	0.00	0.64
12	72803	100.0	10.0	37.0	38.0	36.9	38.0	38.0	0.00016	0.00016	0.00016	0.0011	0.0002	0.1	0.00	0.00	0.00	0.01	0.00	0.72
13	72803	100.0	10.0	37.0	38.0	36.7	38.0	38.0	0.00016	0.00016	0.00016	0.0012	0.0002	0.1	0.00	0.00	0.00	0.01	0.00	0.80
14	72803	100.0	10.0	37.0	38.0	36.9	38.0	38.0	0.00016	0.00016	0.00016	0.00098	0.0002	0.1	0.00	0.00	0.00	0.01	0.00	0.81
15	72803	100.0	10.0	37.0	38.0	36.7	38.0	38.0	0.00016	0.00016	0.00016	0.0012	0.0002	0.1	0.00	0.00	0.00	0.02	0.00	0.88
16	72803	100.0	11.0	37.0	38.0	37.0	38.0	38.0	0.00016	0.00016	0.00016	0.00084	0.0002	0.079	0.00	0.00	0.00	0.02	0.00	0.89
17	72803	100.0	11.0	37.0	38.0	36.8	38.0	38.0	0.00016	0.00016	0.00016	0.0011	0.0002	0.079	0.00	0.00	0.00	0.02	0.01	0.97
18	72803	100.0	11.0	37.0	38.0	36.7	38.0	38.0	0.00016	0.00016	0.00016	0.0013	0.0002	0.079	0.00	0.00	0.00	0.02	0.01	0.97
19	72803	100.0	10.0	37.0	38.0	36.7	38.0	38.0	0.00016	0.00016	0.00016	0.0012	0.0002	0.1	0.00	0.00	0.00	0.02	0.01	0.98
20	72803	100.0	10.0	37.0	38.0	36.7	38.0	38.0	0.00016	0.00016	0.00016	0.0012	0.0002	0.1	0.00	0.00	0.00	0.02	0.01	0.98
21	72803	100.0	10.0	37.0	38.0	36.6	38.0	38.0	0.00016	0.00016	0.00016	0.0012	0.0002	0.1	0.00	0.00	0.00	0.02	0.01	0.98
22	72803	100.0	10.0	37.0	38.0	36.6	38.0	38.0	0.00016	0.00016	0.00016	0.0012	0.0002	0.1	0.00	0.00	0.00	0.02	0.01	0.98
23	72803	100.0	10.0	37.0	38.0	36.6	38.0	38.0	0.00016	0.00016	0.00016	0.0014	0.0002	0.1	0.00	0.00	0.00	0.02	0.01	0.98
24	72803	100.0	10.0	37.0	38.0	36.7	38.0	38.0	0.00016	0.00016	0.00016	0.00095	0.0002	0.1	0.00	0.00	0.00	0.03	0.01	0.98
25	72803	100.0	10.0	37.0	38.0	36.1	38.0	38.0	0.00016	0.00016	0.00016	0.0017	0.0002	0.1	0.00	0.00	0.00	0.03	0.01	0.99
26	72803	100.0	10.0	37.0	38.0	36.4	38.0	38.0	0.00016	0.00016	0.00016	0.0015	0.0002	0.1	0.00	0.00	0.00	0.03	0.01	1.06
27	72803	100.0	10.0	37.0	38.0	36.2	38.0	38.0	0.00016	0.00016	0.00016	0.0017	0.0002	0.1	0.00	0.00	0.00	0.03	0.01	1.14
28	72803	100.0	10.0	37.0	38.0	36.6	38.0	38.0	0.00016	0.00016	0.00016	0.0012	0.0002	0.1	0.00	0.00	0.01	0.03	0.01	1.14
29	72803	100.0	10.0	37.0	38.0	36.6	38.0	38.0	0.00016	0.00016	0.00016	0.0014	0.0002	0.1	0.00	0.00	0.01	0.03	0.01	1.22
30	72803	100.0	10.0	37.0	38.0	36.7	38.0	38.0	0.00016	0.00016	0.00016	0.0013	0.0002	0.1	0.00	0.00	0.01	0.03	0.01	1.22
31	72803	100.0	10.0	37.0	38.0	36.8	38.0	38.0	0.00016	0.00016	0.00016	0.0012	0.0002	0.1	0.00	0.00	0.01	0.04	0.01	1.23
32	72803	100.0	10.0	37.0	38.0	36.7	38.0	38.0	0.00016	0.00016	0.00016	0.0012	0.0002	0.1	0.01	0.01	0.01	0.04	0.01	1.31
33	72803	100.0	10.0	37.0	38.0	36.6	38.0	38.0	0.00016	0.00016	0.00016	0.0015	0.0002	0.1	0.01	0.01	0.01	0.04	0.01	1.32
34	72803	100.0	10.0	37.0	38.0	37.0	38.0	38.0	0.00016	0.00016	0.00016	0.00085	0.0002	0.1	0.01	0.01	0.01	0.04	0.01	1.32
35	72803	100.0	10.0	37.0	38.0	36.8	38.0	38.0	0.00016	0.00016	0.00016	0.0012	0.0002	0.1	0.01	0.01	0.01	0.04	0.01	1.40
36	72803	100.0	10.0	37.0	38.0	36.9	38.0	38.0	0.00016	0.00016	0.00016	0.001	0.0002	0.1	0.01	0.01	0.01	0.04	0.02	1.40
37	72803	100.0	10.0	37.0	38.0	36.4	38.0	38.0	0.00016	0.00016	0.00016	0.0016	0.0002	0.1	0.01	0.01	0.01	0.04	0.02	1.40
38	72803	100.0	10.0	37.0	38.0	36.5	38.0	38.0	0.00016	0.00016	0.00016	0.0014	0.0002	0.1	0.01	0.01	0.01	0.04	0.02	1.41
39	72803	100.0	10.0	37.0	38.0	36.7	38.0	38.0	0.00016	0.00016	0.00016	0.0013	0.0002	0.1	0.01	0.01	0.01	0.05	0.02	1.41
40	72803	100.0	10.0	37.0	38.0	36.7	38.0	38.0	0.00016	0.00016	0.00016	0.0012	0.0002	0.1	0.01	0.01	0.01	0.05	0.02	1.41
41	72803	100.0	10.0	37.0	38.0	36.5	38.0	38.0	0.00016	0.00016	0.00016	0.0014	0.0002	0.1	0.01	0.01	0.01	0.05	0.02	1.41
42	72803	100.0	10.0	37.0	38.0	36.6	38.0	38.0	0.00016	0.00016	0.00016	0.0013	0.0002	0.1	0.01	0.01	0.01	0.05	0.02	1.41
43	72803	100.0	10.0	37.0	38.0	37.0	38.0	38.0	0.00016	0.00016	0.00016	0.00094	0.0002	0.1	0.01	0.01	0.01	0.05	0.02	1.41
44	72803	100.0	10.0	37.0	38.0	36.8	38.0	38.0	0.00016	0.00016	0.00016	0.0011	0.0002	0.1	0.01	0.01	0.01	0.05	0.02	1.41
45	72803	100.0	10.0	37.0	38.0	36.3	38.0	38.0	0.00016	0.00016	0.00016	0.0013	0.0002	0.1	0.01	0.01	0.01	0.05	0.02	1.41
46	72803	100.0	10.0	37.0	38.0	37.1	38.0	38.0	0.00016	0.00016	0.00016	0.00068	0.0002	0.1	0.01	0.01	0.01	0.05	0.02	1.41
47	72803	100.0	10.0	37.0	38.0	36.9	38.0	38.0	0.00016	0.00016	0.00016	0.00099	0.0002	0.1	0.01	0.01	0.01	0.05	0.02	1.41
48	72803	100.0	10.0	38.0	38.0	37.2	38.0	38.0	0.00016	0.00016	0.00016	0.00072	0.00016	0.1	0.01	0.01	0.01	0.06	0.02	1.41
49	72803	100.0	10.0	37.0	38.0	36.8	38.0	38.0	0.00016	0.00016	0.00016	0.00089	0.0002	0.1	0.01	0.01	0.01	0.06	0.02	1.45
50	72803	100.0	10.0	37.0	38.0	36.7	38.0	38.0	0.00016	0.00016	0.00016	0.0011	0.0002	0.1	0.01	0.01	0.01	0.06	0.02	1.45
51	72803	100.0	10.0	37.0	38.0	36.6	38.0	38.0	0.00016	0.00016	0.00016	0.0013	0.0002	0.1	0.01	0.01	0.01	0.06	0.02	1.45
52	72803	100.0	10.0	37.0	38.0	36.5	38.0	38.0	0.00016	0.00016	0.00016	0.0014	0.0002	0.1	0.01	0.01	0.01	0.06	0.03	1.51
53	72803	100.0	10.0	37.0	38.0	36.2	38.0	38.0	0.00016	0.00016	0.00016	0.0019	0.0002	0.1	0.01	0.01	0.01	0.06	0.03	1.53
54	72803	100.0	10.0	37.0	38.0	36.8	38.0	38.0	0.00016	0.00016	0.00016	0.00096	0.0002	0.1	0.01	0.01	0.01	0.06	0.03	1.53
55	72803	100.0	10.0	37.0	38.0	36.9	38.0	38.0	0.00016	0.00016	0.00016	0.00096	0.0002	0.1	0.01	0.01	0.01	0.06	0.03	1.53
56	72803	100.0	10.0	37.0	38.0	36.8	38.0	38.0	0.00016	0.00016	0.00016	0.001	0.0002	0.1	0.01	0.01	0.01	0.06	0.03	1.53
57	72803	100.0	10.0	38.0	38.0	37.0	38.0	38.0	0.00016	0.00016	0.00016	0.00098	0.00016	0.1	0.01	0.01	0.01	0.07	0.03	1.53
58	72803	100.0	9.0	38.0	38.0	37.2	38.0	38.0	0.00016	0.00016	0.00016	0.00071	0.00016	0.13	0.01	0.01	0.01	0.07	0.03	1.53
59	72803	100.0	10.0	37.0	38.0	37.0	38.0	38.0	0.00016	0.00016	0.00016	0.00084	0.0002	0.1	0.01	0.01	0.01	0.07	0.03	1.53
60	72803	100.0	10.0	37.0	38.0	36.1	38.0	38.0	0.00016	0.00016	0.00016	0.0018	0.0002	0.1	0.01	0.01	0.01	0.07	0.03	1.53
61	72803	100.0	10.0	37.0	38.0	36.7	38.0	38.0	0.00016	0.00016	0.00016	0.0011	0.0002	0.1	0.01	0.01	0.01	0.07	0.03	1.53
62	72803	100.0	10.0	37.0	38.0	36.6	38.0	38.0	0.00016	0.00016	0.00016	0.0014	0.0002	0.1	0.01	0.01	0.01	0.07	0.04	1.54
63	72803	100.0	10.0	37.0	38.0	36.7	38.0	38.0	0.00016	0.00016	0.00016	0.0013	0.0002	0.1	0.01	0.01	0.01	0.07	0.04	1.58
64	72803	100.0	10.0	37.0	38.0	36.7	38.0	38.0	0.00016	0.00016	0.00016	0.0014	0.0002	0.1	0.01	0.01	0.01	0.07	0.04	1.58
65	72803	100.0	10.0	37.0	38.0	36.4	38.0	38.0	0.00016	0.00016	0.00016	0.0016	0.0002	0.1	0.01	0.01	0.01	0.08	0.04	1.58
66	72803	100.0	11.0	37.0	38.0	36.5	38.0	38.0	0.00016	0.00016	0.00016	0.0013	0.0002	0.079	0.01	0.01	0.01	0.08	0.05	1.58
67	72803	100.0	10.0	37.0	38.0	36.5	38.0	38.0	0.00016	0.00016	0.00016	0.0015	0.0002	0.1	0.01	0.01	0.01	0.08	0.09	1.58
68	72803	100.0	10.0	37.0	38.0	36.4	38.0	38.0	0.00016	0.00016	0.00016	0.0016	0.0002	0.1	0.01	0.01	0.01	0.08	0.09	1.58
69	72803	100.0	10.0	37.0	38.0	36.7	38.0	38.0	0.00016	0.00016	0.00016	0.0011	0.0002	0.1	0.01	0.01	0.01	0.08	0.09	1.58
70	72803	100.0	10.0	37.0	38.0	36.3	38.0	38.0	0.00016	0.00016	0.00016	0.0016	0.0002	0.1	0.01	0.01	0.01	0.08	0.09	1.63
71	72803	100.0	10.0	37.0	38.0	36.3	38.0	38.0	0.00016	0.00016	0.00016	0.0017	0.0002	0.1	0.01	0.01	0.01	0.08	0.09	1.63
72	72803	100.0	10.0	37.0	38.0	36.8	38.0	38.0	0.00016	0.00016	0.00016	0.0011	0.0002	0.1	0.01	0.01	0.02	0.09	0.09	1.68
73	72803	100.0	10.0	37.0	38.0	36.9	38.0	38.0	0.00016	0.00016	0.00016	0.001	0.0002	0.1	0.01	0.01	0.02	0.09	0.10	1.68
74	72803	100.0	10.0	38.0	38.0	37.1	38.0	38.0	0.00016	0.00016	0.00016	0.00083	0.00016	0.1	0.01	0.01	0.02	0.09	0.10	1.68
75	72803	100.0	10.0	38.0	38.0	37.0	38.0	38.0	0.00016	0.00016	0.00016	0.00098	0.00016	0.1	0.01	0.01	0.02	0.09	0.10	1.69
76	72803	100.0	9.0	38.0	38.0	36.9	38.0	38.0	0.00016	0.00016	0.00016	0.00097	0.00016	0.13	0.01	0.01	0.02	0.09	0.10	1.69
77	72803	100.0	10.0	38.0	38.0	36.9	38.0	38.0	0.00016	0.00016	0.00016	0.00094	0.00016	0.1	0.01	0.01	0.02	0.09	0.10	1.75
78	72803	100.0	10.0	38.0	38.0	36.9	38.0	38.0	0.00016	0.00016	0.00016	0.0011	0.00016	0.1	0.01	0.01	0.02	0.09	0.10	1.75
79	72803	100.0	10.0	37.0	38.0	36.7	38.0	38.0	0.00016	0.00016	0.00016	0.0013	0.0002	0.1	0.01	0.01	0.02	0.09	0.10	1.75
80	72803	100.0	10.0	37.0	38.0	36.6	38.0	38.0	0.00016	0.00016	0.00016	0.0013	0.0002	0.1	0.01	0.01	0.02	0.09	0.10	1.75
81	72803	100.0	10.0	37.0	38.0	35.9	38.0	38.0	0.00016	0.00016	0.00016	0.0022	0.0002	0.1	0.01	0.01	0.02	0.10	0.10	1.75
82	72803	100.0	9.0	37.0	38.0	36.3	38.0	38.0	0.00016	0.00016	0.00016	0.0016	0.0002	0.13	0.01	0.01	0.02	0.10	0.10	1.75
83	72803	100.0	10.0	37.0	38.0	36.3	38.0	38.0	0.00016	0.00016	0.00016	0.0017	0.0002	0.1	0.01	0.01	0.02	0.10	0.10	1.76
84	72803	100.0	10.0	37.0	38.0	36.5	38.0	38.0	0.00016	0.00016	0.00016	0.0014	0.0002	0.1	0.01	0.01	0.02	0.10	0.10	1.83
85	72803	100.0	10.0	37.0	38.0	36.3	38.0	38.0	0.00016	0.00016	0.00016	0.0016	0.0002	0.1	0.01	0.01	0.02	0.10	0.10	1.84
86	72803	100.0	10.0	37.0	38.0	36.2	38.0	38.0	0.00016	0.00016	0.00016	0.0017	0.0002	0.1	0.01	0.01	0.02	0.10	0.11	1.87
87	72803	100.0	9.0	37.0	38.0	36.0	38.0	38.0	0.00016	0.00016	0.00016	0.0019	0.0002	0.13	0.01	0.01	0.02	0.11	0.11	1.87
88	72803	100.0	10.0	37.0	38.0	36.4	38.0	38.0	0.00016	0.00016	0.00016	0.0015	0.0002	0.1	0.01	0.01	0.02	0.11	0.11	1.92
89	72803	100.0	9.0	36.0	38.0	36.2	38.0	38.0	0.00016	0.00016	0.00016	0.0017	0.00025	0.13	0.01	0.01	0.02	0.11	0.11	1.92
90	72803	100.0	9.0	36.0	38.0	35.7	38.0	38.0	0.00016	0.00016	0.00016	0.0025	0.00025	0.13	0.01	0.01	0.02	0.11	0.11	1.97
91	72803	100.0	10.0	37.0	38.0	36.4	38.0	38.0	0.00016	0.00016	0.00016	0.0013	0.0002	0.1	0.01	0.01	0.02	0.11	0.11	2.05
92	72797	100.0	9.0	36.0	38.0	36.0	38.0	38.0	0.00016	0.00016	0.00016	0.0021	0.00025	0.13	0.01	0.02	0.02	0.12	0.11	2.15
93	72775	100.0	9.0	36.0	38.0	36.1	38.0	38.0	0.00016	0.00016	0.00016	0.0019	0.00025	0.13	0.01	0.02	0.02	0.12	0.11	2.16
94	72773	100.0	9.0	37.0	38.0	36.6	38.0	38.0	0.00016	0.00016	0.00016	0.0014	0.0002	0.13	0.01	0.02	0.02	0.12	0.11	2.16
95	72770	100.0	9.0	37.0	38.0	36.9	38.0	38.0	0.00016	0.00016	0.00016	0.001	0.0002	0.13	0.02	0.02	0.02	0.12	0.11	2.16
96	72769	100.0	9.0	37.0	38.0	37.0	38.0	38.0	0.00016	0.00016	0.00016	0.00088	0.0002	0.13	0.02	0.02	0.02	0.12	0.11	2.16
97	72764	99.9	10.0	37.0	38.0	36.5	38.0	38.0	0.00016	0.00016	0.00016	0.0014	0.0002	0.1	0.02	0.02	0.02	0.12	0.11	2.16
98	72666	99.8	9.0	37.0	38.0	36.3	38.0	38.0	0.00016	0.00016	0.00016	0.0017	0.0002	0.13	0.02	0.02	0.02	0.12	0.12	2.16
99	72664	99.8	10.0	37.0	38.0	36.0	38.0	38.0	0.00016	0.00016	0.00016	0.002	0.0002	0.1	0.02	0.02	0.02	0.13	0.12	2.16
100	72516	99.6	10.0	37.0	38.0	36.1	38.0	38.0	0.00016	0.00016	0.00016	0.0019	0.0002	0.1	0.02	0.02	0.02	0.13	0.12	2.16
101	72467	99.5	10.0	37.0	38.0	36.5	38.0	38.0	0.00016	0.00016	0.00016	0.0015	0.0002	0.1	0.02	0.02	0.02	0.13	0.12	2.16
102	71283	97.9	10.0	37.0	38.0	36.8	38.0	38.0	0.00016	0.00016	0.00016	0.0012	0.0002	0.1	0.02	0.02	0.02	0.13	0.12	2.16
103	14777	20.3	10.0	37.0	38.0	36.7	38.0	38.0	0.00016	0.00016	0.00016	0.0013	0.0002	0.1	0.02	0.02	0.03	0.15	0.14	2.16
104	6688	9.2	9.0	37.0	38.0	36.7	38.0	38.0	0.00016	0.00016	0.00016	0.0013	0.0002	0.13	0.02	0.02	0.03	0.17	0.19	2.16
105	5170	7.1	9.0	37.0	38.0	36.6	38.0	38.0	0.00016	0.00016	0.00016	0.0013	0.0002	0.13	0.02	0.02	0.03	0.17	0.20	2.16
106	487	0.7	9.0	36.0	38.0	35.6	38.0	38.0	0.00016	0.00016	0.00016	0.0027	0.00025	0.13	0.02	0.02	0.03	0.21	0.29	1.58
107	473	0.6	11.0	37.0	38.0	36.9	38.0	38.0	0.00016	0.00016	0.00016	0.00084	0.0002	0.079	0.02	0.02	0.04	0.21	0.29	1.58
108	473	0.6	10.0	38.0	38.0	37.0	38.0	38.0	0.00016	0.00016	0.00016	0.0012	0.00016	0.1	0.02	0.02	0.04	0.22	0.29	1.58
109	470	0.6	11.0	37.0	38.0	36.9	38.0	38.0	0.00016	0.00016	0.00016	0.0011	0.0002	0.079	0.02	0.02	0.04	0.22	0.29	1.66
110	441	0.6	11.0	37.0	38.0	36.9	38.0	38.0	0.00016	0.00016	0.00016	0.00064	0.0002	0.079	0.02	0.02	0.04	0.21	0.29	1.66
111	441	0.6	11.0	37.0	38.0	36.6	38.0	38.0	0.00016	0.00016	0.00016	0.0012	0.0002	0.079	0.02	0.02	0.04	0.22	0.29	1.66
112	435	0.6	10.0	37.0	38.0	36.9	38.0	38.0	0.00016	0.00016	0.00016	0.001	0.0002	0.1	0.02	0.02	0.04	0.21	0.28	1.66
113	434	0.6	11.0	36.0	38.0	36.1	38.0	38.0	0.00016	0.00016	0.00016	0.0015	0.00025	0.079	0.02	0.02	0.04	0.22	0.29	1.66
114	379	0.5	11.0	37.0	38.0	36.7	38.0	38.0	0.00016	0.00016	0.00016	0.00071	0.0002	0.079	0.02	0.02	0.04	0.22	0.32	1.66
115	377	0.5	11.0	38.0	38.0	37.2	38.0	38.0	0.00016	0.00016	0.00016	0.00048	0.00016	0.079	0.02	0.02	0.04	0.22	0.32	1.66
116	353	0.5	11.0	38.0	38.0	37.0	38.0	38.0	0.00016	0.00016	0.00016	0.0011	0.00016	0.079	0.02	0.02	0.04	0.22	0.31	1.66
117	353	0.5	11.0	38.0	38.0	36.8	38.0	38.0	0.00016	0.00016	0.00016	0.0014	0.00016	0.079	0.02	0.02	0.04	0.22	0.31	1.66
118	346	0.5	11.0	37.0	38.0	37.3	38.0	38.0	0.00016	0.00016	0.00016	0.00047	0.0002	0.079	0.02	0.02	0.04	0.21	0.31	1.67
119	37	0.1	27.0	38.0	38.0	37.0	38.0	38.0	0.00016	0.00016	0.00016	0.00025	0.00016	0.002	0.02	0.02	0.04	0.19	0.21	1.14
120	35	0.0	30.0	37.0	38.0	37.2	38.0	38.0	0.00016	0.00016	0.00016	0.00021	0.0002	0.001	0.02	0.02	0.10	0.20	0.27	1.14
