Pos	Recs	PctRecs	Min_Q	Low_Q	Med_Q	Mean_Q	Hi_Q	Max_Q	Min_Pe	Low_Pe	Med_Pe	Mean_Pe	Hi_Pe	Max_Pe	Min_EE	Low_EE	Med_EE	Mean_EE	Hi_EE	Max_EE
1	68224	100.0	10.0	38.0	38.0	37.3	38.0	38.0	0.00016	0.00016	0.00016	0.00066	0.00016	0.1	0.00	0.00	0.00	0.00	0.00	0.10
2	68224	100.0	10.0	38.0	38.0	37.2	38.0	38.0	0.00016	0.00016	0.00016	0.00065	0.00016	0.1	0.00	0.00	0.00	0.00	0.00	0.20
3	68224	100.0	10.0	38.0	38.0	37.3	38.0	38.0	0.00016	0.00016	0.00016	0.00054	0.00016	0.1	0.00	0.00	0.00	0.00	0.00	0.24
4	68224	100.0	10.0	37.0	38.0	36.6	38.0	38.0	0.00016	0.00016	0.00016	0.0012	0.0002	0.1	0.00	0.00	0.00	0.00	0.00	0.27
5	68224	100.0	10.0	37.0	38.0	36.8	38.0	38.0	0.00016	0.00016	0.00016	0.0013	0.0002	0.1	0.00	0.00	0.00	0.00	0.00	0.34
6	68224	100.0	10.0	37.0	38.0	36.6	38.0	38.0	0.00016	0.00016	0.00016	0.0013	0.0002	0.1	0.00	0.00	0.00	0.01	0.00	0.40
7	68224	100.0	10.0	37.0	38.0	36.8	38.0	38.0	0.00016	0.00016	0.00016	0.0011	0.0002	0.1	0.00	0.00	0.00	0.01	0.00	0.41
8	68224	100.0	10.0	37.0	38.0	36.6	38.0	38.0	0.00016	0.00016	0.00016	0.0012	0.0002	0.1	0.00	0.00	0.00	0.01	0.00	0.41
9	68224	100.0	10.0	37.0	38.0	36.3	38.0	38.0	0.00016	0.00016	0.00016	0.0015	0.0002	0.1	0.00	0.00	0.00	0.01	0.00	0.42
10	68224	100.0	10.0	37.0	38.0	36.9	38.0	38.0	0.00016	0.00016	0.00016	0.001	0.0002	0.1	0.00	0.00	0.00	0.01	0.00	0.49
11	68224	100.0	10.0	37.0	38.0	36.5	38.0	38.0	0.00016	0.00016	0.00016	0.0017	0.0002	0.1	0.00	0.00	0.00	0.01	0.00	0.50
12	68224	100.0	10.0	37.0	38.0	36.7	38.0	38.0	0.00016	0.00016	0.00016	0.0012	0.0002	0.1	0.00	0.00	0.00	0.01	0.00	0.57
13	68224	100.0	10.0	37.0	38.0	36.5	38.0	38.0	0.00016	0.00016	0.00016	0.0014	0.0002	0.1	0.00	0.00	0.00	0.01	0.00	0.64
14	68224	100.0	10.0	37.0	38.0	36.8	38.0	38.0	0.00016	0.00016	0.00016	0.0011	0.0002	0.1	0.00	0.00	0.00	0.02	0.00	0.65
15	68224	100.0	10.0	37.0	38.0	36.4	38.0	38.0	0.00016	0.00016	0.00016	0.0017	0.0002	0.1	0.00	0.00	0.00	0.02	0.01	0.65
16	68224	100.0	10.0	37.0	38.0	36.9	38.0	38.0	0.00016	0.00016	0.00016	0.00085	0.0002	0.1	0.00	0.00	0.00	0.02	0.01	0.73
17	68224	100.0	10.0	37.0	38.0	36.7	38.0	38.0	0.00016	0.00016	0.00016	0.0013	0.0002	0.1	0.00	0.00	0.00	0.02	0.01	0.73
18	68224	100.0	10.0	37.0	38.0	36.4	38.0	38.0	0.00016	0.00016	0.00016	0.0016	0.0002	0.1	0.00	0.00	0.00	0.02	0.01	0.74
19	68224	100.0	10.0	37.0	38.0	36.9	38.0	38.0	0.00016	0.00016	0.00016	0.001	0.0002	0.1	0.00	0.00	0.00	0.02	0.01	0.81
20	68224	100.0	10.0	37.0	38.0	36.5	38.0	38.0	0.00016	0.00016	0.00016	0.0014	0.0002	0.1	0.00	0.00	0.00	0.02	0.01	0.81
21	68224	100.0	10.0	37.0	38.0	36.3	38.0	38.0	0.00016	0.00016	0.00016	0.0015	0.0002	0.1	0.00	0.00	0.00	0.03	0.01	0.82
22	68224	100.0	10.0	37.0	38.0	36.0	38.0	38.0	0.00016	0.00016	0.00016	0.0021	0.0002	0.1	0.00	0.00	0.00	0.03	0.01	0.89
23	68224	100.0	10.0	37.0	38.0	36.5	38.0	38.0	0.00016	0.00016	0.00016	0.0014	0.0002	0.1	0.00	0.00	0.00	0.03	0.01	0.97
24	68224	100.0	10.0	37.0	38.0	36.8	38.0	38.0	0.00016	0.00016	0.00016	0.00069	0.0002	0.1	0.00	0.00	0.00	0.03	0.01	0.97
25	68224	100.0	10.0	37.0	38.0	36.3	38.0	38.0	0.00016	0.00016	0.00016	0.0013	0.0002	0.1	0.00	0.00	0.00	0.03	0.01	0.98
26	68224	100.0	10.0	37.0	38.0	36.1	38.0	38.0	0.00016	0.00016	0.00016	0.0018	0.0002	0.1	0.00	0.00	0.00	0.03	0.01	0.98
27	68224	100.0	10.0	36.0	38.0	35.8	38.0	38.0	0.00016	0.00016	0.00016	0.0022	0.00025	0.1	0.00	0.00	0.01	0.03	0.01	1.00
28	68224	100.0	10.0	37.0	38.0	36.7	38.0	38.0	0.00016	0.00016	0.00016	0.0011	0.0002	0.1	0.00	0.00	0.01	0.04	0.01	1.06
29	68224	100.0	10.0	37.0	38.0	36.8	38.0	38.0	0.00016	0.00016	0.00016	0.0012	0.0002	0.1	0.00	0.00	0.01	0.04	0.01	1.06
30	68224	100.0	10.0	37.0	38.0	36.4	38.0	38.0	0.00016	0.00016	0.00016	0.0017	0.0002	0.1	0.00	0.00	0.01	0.04	0.01	1.06
31	68224	100.0	10.0	37.0	38.0	36.8	38.0	38.0	0.00016	0.00016	0.00016	0.00098	0.0002	0.1	0.00	0.01	0.01	0.04	0.01	1.14
32	68224	100.0	10.0	37.0	38.0	36.4	38.0	38.0	0.00016	0.00016	0.00016	0.0016	0.0002	0.1	0.01	0.01	0.01	0.04	0.02	1.21
33	68224	100.0	11.0	37.0	38.0	37.0	38.0	38.0	0.00016	0.00016	0.00016	0.00093	0.0002	0.079	0.01	0.01	0.01	0.04	0.02	1.21
34	68224	100.0	10.0	37.0	38.0	36.8	38.0	38.0	0.00016	0.00016	0.00016	0.0011	0.0002	0.1	0.01	0.01	0.01	0.04	0.02	1.29
35	68224	100.0	10.0	37.0	38.0	36.9	38.0	38.0	0.00016	0.00016	0.00016	0.00099	0.0002	0.1	0.01	0.01	0.01	0.04	0.02	1.29
36	68224	100.0	10.0	37.0	38.0	36.9	38.0	38.0	0.00016	0.00016	0.00016	0.0011	0.0002	0.1	0.01	0.01	0.01	0.05	0.02	1.29
37	68224	100.0	10.0	37.0	38.0	36.8	38.0	38.0	0.00016	0.00016	0.00016	0.00097	0.0002	0.1	0.01	0.01	0.01	0.05	0.02	1.29
38	68224	100.0	10.0	37.0	38.0	36.5	38.0	38.0	0.00016	0.00016	0.00016	0.0013	0.0002	0.1	0.01	0.01	0.01	0.05	0.02	1.29
39	68224	100.0	10.0	37.0	38.0	36.9	38.0	38.0	0.00016	0.00016	0.00016	0.001	0.0002	0.1	0.01	0.01	0.01	0.05	0.02	1.29
40	68224	100.0	10.0	37.0	38.0	36.8	38.0	38.0	0.00016	0.00016	0.00016	0.0012	0.0002	0.1	0.01	0.01	0.01	0.05	0.02	1.30
41	68224	100.0	10.0	37.0	38.0	36.7	38.0	38.0	0.00016	0.00016	0.00016	0.0012	0.0002	0.1	0.01	0.01	0.01	0.05	0.02	1.37
42	68224	100.0	10.0	37.0	38.0	36.5	38.0	38.0	0.00016	0.00016	0.00016	0.0015	0.0002	0.1	0.01	0.01	0.01	0.05	0.02	1.39
43	68224	100.0	11.0	37.0	38.0	37.1	38.0	38.0	0.00016	0.00016	0.00016	0.00081	0.0002	0.079	0.01	0.01	0.01	0.05	0.02	1.39
44	68224	100.0	10.0	37.0	38.0	36.8	38.0	38.0	0.00016	0.00016	0.00016	0.0011	0.0002	0.1	0.01	0.01	0.01	0.05	0.02	1.40
45	68224	100.0	10.0	37.0	38.0	36.6	38.0	38.0	0.00016	0.00016	0.00016	0.00095	0.0002	0.1	0.01	0.01	0.01	0.06	0.02	1.40
46	68224	100.0	10.0	38.0	38.0	37.1	38.0	38.0	0.00016	0.00016	0.00016	0.00077	0.00016	0.1	0.01	0.01	0.01	0.06	0.02	1.40
47	68224	100.0	10.0	38.0	38.0	37.1	38.0	38.0	0.00016	0.00016	0.00016	0.00071	0.00016	0.1	0.01	0.01	0.01	0.06	0.03	1.40
48	68224	100.0	10.0	38.0	38.0	36.9	38.0	38.0	0.00016	0.00016	0.00016	0.00092	0.00016	0.1	0.01	0.01	0.01	0.06	0.03	1.40
49	68224	100.0	10.0	38.0	38.0	37.0	38.0	38.0	0.00016	0.00016	0.00016	0.00071	0.00016	0.1	0.01	0.01	0.01	0.06	0.03	1.40
50	68224	100.0	10.0	37.0	38.0	36.7	38.0	38.0	0.00016	0.00016	0.00016	0.0012	0.0002	0.1	0.01	0.01	0.01	0.06	0.03	1.40
51	68224	100.0	10.0	37.0	38.0	36.4	38.0	38.0	0.00016	0.00016	0.00016	0.0015	0.0002	0.1	0.01	0.01	0.01	0.06	0.03	1.40
52	68224	100.0	10.0	36.0	38.0	36.0	38.0	38.0	0.00016	0.00016	0.00016	0.002	0.00025	0.1	0.01	0.01	0.01	0.06	0.03	1.40
53	68224	100.0	10.0	36.0	38.0	36.1	38.0	38.0	0.00016	0.00016	0.00016	0.002	0.00025	0.1	0.01	0.01	0.01	0.07	0.03	1.40
54	68224	100.0	10.0	37.0	38.0	36.8	38.0	38.0	0.00016	0.00016	0.00016	0.001	0.0002	0.1	0.01	0.01	0.01	0.07	0.03	1.41
55	68224	100.0	10.0	37.0	38.0	37.0	38.0	38.0	0.00016	0.00016	0.00016	0.00088	0.0002	0.1	0.01	0.01	0.01	0.07	0.04	1.41
56	68224	100.0	10.0	37.0	38.0	36.6	38.0	38.0	0.00016	0.00016	0.00016	0.0013	0.0002	0.1	0.01	0.01	0.01	0.07	0.04	1.46
57	68224	100.0	11.0	38.0	38.0	37.1	38.0	38.0	0.00016	0.00016	0.00016	0.00088	0.00016	0.079	0.01	0.01	0.01	0.07	0.04	1.53
58	68224	100.0	10.0	38.0	38.0	37.2	38.0	38.0	0.00016	0.00016	0.00016	0.00068	0.00016	0.1	0.01	0.01	0.01	0.07	0.04	1.54
59	68224	100.0	10.0	37.0	38.0	36.7	38.0	38.0	0.00016	0.00016	0.00016	0.0011	0.0002	0.1	0.01	0.01	0.01	0.07	0.04	1.54
60	68224	100.0	10.0	37.0	38.0	36.4	38.0	38.0	0.00016	0.00016	0.00016	0.0014	0.0002	0.1	0.01	0.01	0.01	0.07	0.05	1.54
61	68224	100.0	10.0	37.0	38.0	36.6	38.0	38.0	0.00016	0.00016	0.00016	0.0013	0.0002	0.1	0.01	0.01	0.01	0.07	0.09	1.54
62	68224	100.0	10.0	37.0	38.0	36.6	38.0	38.0	0.00016	0.00016	0.00016	0.0014	0.0002	0.1	0.01	0.01	0.01	0.08	0.09	1.54
63	68224	100.0	10.0	37.0	38.0	36.6	38.0	38.0	0.00016	0.00016	0.00016	0.0014	0.0002	0.1	0.01	0.01	0.01	0.08	0.09	1.54
64	68224	100.0	10.0	37.0	38.0	36.7	38.0	38.0	0.00016	0.00016	0.00016	0.0013	0.0002	0.1	0.01	0.01	0.01	0.08	0.09	1.54
65	68224	100.0	10.0	37.0	38.0	36.7	38.0	38.0	0.00016	0.00016	0.00016	0.0012	0.0002	0.1	0.01	0.01	0.01	0.08	0.09	1.54
66	68224	100.0	10.0	37.0	38.0	36.2	38.0	38.0	0.00016	0.00016	0.00016	0.0017	0.0002	0.1	0.01	0.01	0.01	0.08	0.09	1.54
67	68224	100.0	10.0	37.0	38.0	36.3	38.0	38.0	0.00016	0.00016	0.00016	0.0019	0.0002	0.1	0.01	0.01	0.01	0.08	0.09	1.54
68	68224	100.0	10.0	37.0	38.0	36.8	38.0	38.0	0.00016	0.00016	0.00016	0.0011	0.0002	0.1	0.01	0.01	0.01	0.08	0.09	1.54
69	68224	100.0	10.0	37.0	38.0	36.8	38.0	38.0	0.00016	0.00016	0.00016	0.00099	0.0002	0.1	0.01	0.01	0.01	0.08	0.10	1.54
70	68224	100.0	10.0	37.0	38.0	36.2	38.0	38.0	0.00016	0.00016	0.00016	0.0017	0.0002	0.1	0.01	0.01	0.02	0.09	0.10	1.59
71	68224	100.0	10.0	37.0	38.0	36.4	38.0	38.0	0.00016	0.00016	0.00016	0.0016	0.0002	0.1	0.01	0.01	0.02	0.09	0.10	1.59
72	68224	100.0	10.0	37.0	38.0	36.7	38.0	38.0	0.00016	0.00016	0.00016	0.0011	0.0002	0.1	0.01	0.01	0.02	0.09	0.10	1.59
73	68224	100.0	10.0	37.0	38.0	37.0	38.0	38.0	0.00016	0.00016	0.00016	0.00085	0.0002	0.1	0.01	0.01	0.02	0.09	0.10	1.59
74	68224	100.0	10.0	38.0	38.0	37.1	38.0	38.0	0.00016	0.00016	0.00016	0.0008	0.00016	0.1	0.01	0.01	0.02	0.09	0.10	1.67
75	68224	100.0	10.0	38.0	38.0	37.0	38.0	38.0	0.00016	0.00016	0.00016	0.001	0.00016	0.1	0.01	0.01	0.02	0.09	0.10	1.67
76	68224	100.0	10.0	38.0	38.0	36.8	38.0	38.0	0.00016	0.00016	0.00016	0.0011	0.00016	0.1	0.01	0.01	0.02	0.09	0.10	1.67
77	68224	100.0	10.0	38.0	38.0	37.0	38.0	38.0	0.00016	0.00016	0.00016	0.00085	0.00016	0.1	0.01	0.01	0.02	0.09	0.10	1.75
78	68224	100.0	10.0	37.0	38.0	36.8	38.0	38.0	0.00016	0.00016	0.00016	0.0011	0.0002	0.1	0.01	0.01	0.02	0.09	0.10	1.76
79	68224	100.0	10.0	37.0	38.0	36.6	38.0	38.0	0.00016	0.00016	0.00016	0.0012	0.0002	0.1	0.01	0.01	0.02	0.10	0.10	1.76
80	68224	100.0	10.0	37.0	38.0	36.4	38.0	38.0	0.00016	0.00016	0.00016	0.0015	0.0002	0.1	0.01	0.01	0.02	0.10	0.10	1.76
81	68224	100.0	10.0	37.0	38.0	35.9	38.0	38.0	0.00016	0.00016	0.00016	0.0021	0.0002	0.1	0.01	0.01	0.02	0.10	0.10	1.76
82	68224	100.0	10.0	37.0	38.0	36.2	38.0	38.0	0.00016	0.00016	0.00016	0.0018	0.0002	0.1	0.01	0.01	0.02	0.10	0.10	1.76
83	68224	100.0	10.0	37.0	38.0	36.3	38.0	38.0	0.00016	0.00016	0.00016	0.0018	0.0002	0.1	0.01	0.01	0.02	0.10	0.11	1.76
84	68224	100.0	10.0	37.0	38.0	36.7	38.0	38.0	0.00016	0.00016	0.00016	0.0011	0.0002	0.1	0.01	0.01	0.02	0.10	0.11	1.76
85	68224	100.0	10.0	37.0	38.0	36.6	38.0	38.0	0.00016	0.00016	0.00016	0.0013	0.0002	0.1	0.01	0.01	0.02	0.11	0.11	1.77
86	68224	100.0	10.0	37.0	38.0	36.1	38.0	38.0	0.00016	0.00016	0.00016	0.002	0.0002	0.1	0.01	0.01	0.02	0.11	0.11	1.85
87	68224	100.0	10.0	37.0	38.0	35.9	38.0	38.0	0.00016	0.00016	0.00016	0.0021	0.0002	0.1	0.01	0.01	0.02	0.11	0.11	1.85
88	68224	100.0	10.0	37.0	38.0	36.4	38.0	38.0	0.00016	0.00016	0.00016	0.0014	0.0002	0.1	0.01	0.01	0.02	0.11	0.11	1.93
89	68224	100.0	10.0	36.0	38.0	35.7	38.0	38.0	0.00016	0.00016	0.00016	0.0023	0.00025	0.1	0.01	0.01	0.02	0.11	0.11	1.93
90	68224	100.0	10.0	36.0	38.0	35.8	38.0	38.0	0.00016	0.00016	0.00016	0.0022	0.00025	0.1	0.01	0.01	0.02	0.12	0.11	1.93
91	68224	100.0	10.0	37.0	38.0	36.5	38.0	38.0	0.00016	0.00016	0.00016	0.0011	0.0002	0.1	0.01	0.01	0.02	0.12	0.11	1.93
92	67984	99.6	10.0	36.0	38.0	35.9	38.0	38.0	0.00016	0.00016	0.00016	0.0021	0.00025	0.1	0.01	0.02	0.02	0.12	0.11	1.93
93	67981	99.6	10.0	36.0	38.0	35.9	38.0	38.0	0.00016	0.00016	0.00016	0.0023	0.00025	0.1	0.01	0.02	0.02	0.12	0.12	2.02
94	67697	99.2	10.0	37.0	38.0	36.8	38.0	38.0	0.00016	0.00016	0.00016	0.0011	0.0002	0.1	0.01	0.02	0.02	0.12	0.12	2.02
95	67697	99.2	9.0	37.0	38.0	36.7	38.0	38.0	0.00016	0.00016	0.00016	0.0013	0.0002	0.13	0.02	0.02	0.02	0.12	0.12	2.02
96	67697	99.2	9.0	37.0	38.0	36.8	38.0	38.0	0.00016	0.00016	0.00016	0.001	0.0002	0.13	0.02	0.02	0.02	0.12	0.12	2.02
97	67694	99.2	9.0	37.0	38.0	36.6	38.0	38.0	0.00016	0.00016	0.00016	0.0013	0.0002	0.13	0.02	0.02	0.02	0.13	0.12	2.02
98	67658	99.2	9.0	37.0	38.0	36.1	38.0	38.0	0.00016	0.00016	0.00016	0.0018	0.0002	0.13	0.02	0.02	0.02	0.13	0.12	2.02
99	67656	99.2	9.0	37.0	38.0	36.1	38.0	38.0	0.00016	0.00016	0.00016	0.002	0.0002	0.13	0.02	0.02	0.02	0.13	0.12	2.06
100	67595	99.1	9.0	37.0	38.0	36.1	38.0	38.0	0.00016	0.00016	0.00016	0.0019	0.0002	0.13	0.02	0.02	0.02	0.13	0.12	2.11
101	67542	99.0	10.0	37.0	38.0	36.8	38.0	38.0	0.00016	0.00016	0.00016	0.0011	0.0002	0.1	0.02	0.02	0.02	0.13	0.12	2.11
102	66522	97.5	10.0	37.0	38.0	37.0	38.0	38.0	0.00016	0.00016	0.00016	0.00083	0.0002	0.1	0.02	0.02	0.02	0.13	0.12	2.11
103	9546	14.0	9.0	37.0	38.0	36.6	38.0	38.0	0.00016	0.00016	0.00016	0.0015	0.0002	0.13	0.02	0.02	0.03	0.16	0.18	2.12
104	4463	6.5	9.0	37.0	38.0	36.3	38.0	38.0	0.00016	0.00016	0.00016	0.0017	0.0002	0.13	0.02	0.02	0.03	0.17	0.20	2.10
105	4154	6.1	9.0	37.0	38.0	36.4	38.0	38.0	0.00016	0.00016	0.00016	0.0015	0.0002	0.13	0.02	0.02	0.03	0.18	0.20	2.10
106	158	0.2	9.0	36.0	38.0	35.8	38.0	38.0	0.00016	0.00016	0.00016	0.0018	0.00025	0.13	0.02	0.02	0.03	0.17	0.20	1.79
107	149	0.2	11.0	38.0	38.0	37.0	38.0	38.0	0.00016	0.00016	0.00016	0.0013	0.00016	0.079	0.02	0.02	0.03	0.18	0.22	1.79
108	149	0.2	11.0	38.0	38.0	37.2	38.0	38.0	0.00016	0.00016	0.00016	0.00075	0.00016	0.079	0.02	0.02	0.03	0.18	0.22	1.79
109	136	0.2	10.0	38.0	38.0	37.3	38.0	38.0	0.00016	0.00016	0.00016	0.00093	0.00016	0.1	0.02	0.02	0.03	0.18	0.23	1.79
110	136	0.2	10.0	37.0	38.0	37.0	38.0	38.0	0.00016	0.00016	0.00016	0.001	0.00016	0.1	0.02	0.02	0.04	0.18	0.23	1.79
111	136	0.2	10.0	37.0	38.0	37.1	38.0	38.0	0.00016	0.00016	0.00016	0.00095	0.0002	0.1	0.02	0.02	0.04	0.18	0.23	1.79
112	135	0.2	21.0	37.0	38.0	36.7	38.0	38.0	0.00016	0.00016	0.00016	0.00037	0.0002	0.0079	0.02	0.02	0.04	0.19	0.25	1.79
113	135	0.2	10.0	38.0	38.0	36.7	38.0	38.0	0.00016	0.00016	0.00016	0.0018	0.00016	0.1	0.02	0.02	0.04	0.19	0.25	1.79
114	77	0.1	21.0	38.0	38.0	37.4	38.0	38.0	0.00016	0.00016	0.00016	0.00028	0.00016	0.0079	0.02	0.02	0.04	0.19	0.26	1.79
115	75	0.1	10.0	38.0	38.0	36.2	38.0	38.0	0.00016	0.00016	0.00016	0.0031	0.00016	0.1	0.02	0.02	0.04	0.19	0.25	1.79
116	41	0.1	22.0	37.0	38.0	36.9	38.0	38.0	0.00016	0.00016	0.00016	0.0004	0.0002	0.0063	0.02	0.02	0.06	0.22	0.28	1.79
117	41	0.1	34.0	37.0	38.0	37.6	38.0	38.0	0.00016	0.00016	0.00016	0.00018	0.0002	0.0004	0.02	0.02	0.06	0.22	0.28	1.79
118	39	0.1	34.0	37.0	38.0	37.2	38.0	38.0	0.00016	0.00016	0.00016	0.0002	0.0002	0.0004	0.02	0.02	0.06	0.23	0.28	1.79
119	1	0.0	37.0	37.0	37.0	37.0	37.0	37.0	0.0002	0.0002	0.0002	0.0002	0.0002	0.0002	0.03	0.03	0.03	0.03	0.03	0.03
120	1	0.0	38.0	38.0	38.0	38.0	38.0	38.0	0.00016	0.00016	0.00016	0.00016	0.00016	0.00016	0.03	0.03	0.03	0.03	0.03	0.03
121	1	0.0	38.0	38.0	38.0	38.0	38.0	38.0	0.00016	0.00016	0.00016	0.00016	0.00016	0.00016	0.03	0.03	0.03	0.03	0.03	0.03
