Pos	Recs	PctRecs	Min_Q	Low_Q	Med_Q	Mean_Q	Hi_Q	Max_Q	Min_Pe	Low_Pe	Med_Pe	Mean_Pe	Hi_Pe	Max_Pe	Min_EE	Low_EE	Med_EE	Mean_EE	Hi_EE	Max_EE
1	92023	100.0	10.0	38.0	38.0	37.2	38.0	38.0	0.00016	0.00016	0.00016	0.00073	0.00016	0.1	0.00	0.00	0.00	0.00	0.00	0.10
2	92023	100.0	10.0	38.0	38.0	37.2	38.0	38.0	0.00016	0.00016	0.00016	0.0006	0.00016	0.1	0.00	0.00	0.00	0.00	0.00	0.20
3	92023	100.0	10.0	38.0	38.0	37.4	38.0	38.0	0.00016	0.00016	0.00016	0.00051	0.00016	0.1	0.00	0.00	0.00	0.00	0.00	0.24
4	92023	100.0	10.0	38.0	38.0	37.0	38.0	38.0	0.00016	0.00016	0.00016	0.00086	0.00016	0.1	0.00	0.00	0.00	0.00	0.00	0.32
5	92023	100.0	10.0	38.0	38.0	36.9	38.0	38.0	0.00016	0.00016	0.00016	0.00094	0.00016	0.1	0.00	0.00	0.00	0.00	0.00	0.33
6	92023	100.0	11.0	37.0	38.0	36.9	38.0	38.0	0.00016	0.00016	0.00016	0.001	0.0002	0.079	0.00	0.00	0.00	0.00	0.00	0.33
7	92023	100.0	10.0	37.0	38.0	36.8	38.0	38.0	0.00016	0.00016	0.00016	0.0012	0.0002	0.1	0.00	0.00	0.00	0.01	0.00	0.41
8	92023	100.0	11.0	37.0	38.0	36.6	38.0	38.0	0.00016	0.00016	0.00016	0.0013	0.0002	0.079	0.00	0.00	0.00	0.01	0.00	0.49
9	92023	100.0	10.0	37.0	38.0	36.3	38.0	38.0	0.00016	0.00016	0.00016	0.0016	0.0002	0.1	0.00	0.00	0.00	0.01	0.00	0.49
10	92023	100.0	10.0	37.0	38.0	36.3	38.0	38.0	0.00016	0.00016	0.00016	0.0018	0.0002	0.1	0.00	0.00	0.00	0.01	0.00	0.57
11	92023	100.0	10.0	37.0	38.0	36.6	38.0	38.0	0.00016	0.00016	0.00016	0.0014	0.0002	0.1	0.00	0.00	0.00	0.01	0.00	0.57
12	92023	100.0	10.0	38.0	38.0	37.1	38.0	38.0	0.00016	0.00016	0.00016	0.00085	0.00016	0.1	0.00	0.00	0.00	0.01	0.00	0.58
13	92023	100.0	10.0	37.0	38.0	36.6	38.0	38.0	0.00016	0.00016	0.00016	0.0013	0.0002	0.1	0.00	0.00	0.00	0.01	0.00	0.58
14	92023	100.0	10.0	37.0	38.0	36.4	38.0	38.0	0.00016	0.00016	0.00016	0.0016	0.0002	0.1	0.00	0.00	0.00	0.02	0.00	0.65
15	92023	100.0	10.0	37.0	38.0	36.5	38.0	38.0	0.00016	0.00016	0.00016	0.0015	0.0002	0.1	0.00	0.00	0.00	0.02	0.01	0.73
16	92023	100.0	10.0	37.0	38.0	37.1	38.0	38.0	0.00016	0.00016	0.00016	0.00071	0.0002	0.1	0.00	0.00	0.00	0.02	0.01	0.73
17	92023	100.0	10.0	37.0	38.0	36.6	38.0	38.0	0.00016	0.00016	0.00016	0.0014	0.0002	0.1	0.00	0.00	0.00	0.02	0.01	0.74
18	92023	100.0	10.0	37.0	38.0	36.5	38.0	38.0	0.00016	0.00016	0.00016	0.0015	0.0002	0.1	0.00	0.00	0.00	0.02	0.01	0.79
19	92023	100.0	10.0	37.0	38.0	36.5	38.0	38.0	0.00016	0.00016	0.00016	0.0014	0.0002	0.1	0.00	0.00	0.00	0.02	0.01	0.87
20	92023	100.0	10.0	37.0	38.0	36.4	38.0	38.0	0.00016	0.00016	0.00016	0.0016	0.0002	0.1	0.00	0.00	0.00	0.02	0.01	0.95
21	92023	100.0	10.0	37.0	38.0	36.4	38.0	38.0	0.00016	0.00016	0.00016	0.0014	0.0002	0.1	0.00	0.00	0.00	0.03	0.01	0.95
22	92023	100.0	10.0	37.0	38.0	36.5	38.0	38.0	0.00016	0.00016	0.00016	0.0014	0.0002	0.1	0.00	0.00	0.00	0.03	0.01	0.95
23	92023	100.0	10.0	37.0	38.0	36.7	38.0	38.0	0.00016	0.00016	0.00016	0.0011	0.0002	0.1	0.00	0.00	0.00	0.03	0.01	0.96
24	92023	100.0	10.0	37.0	37.0	36.9	38.0	38.0	0.00016	0.00016	0.0002	0.0006	0.0002	0.1	0.00	0.00	0.00	0.03	0.01	0.97
25	92023	100.0	10.0	37.0	38.0	36.2	38.0	38.0	0.00016	0.00016	0.00016	0.0014	0.0002	0.1	0.00	0.00	0.00	0.03	0.01	1.05
26	92023	100.0	10.0	36.0	37.0	35.6	38.0	38.0	0.00016	0.00016	0.0002	0.0024	0.00025	0.1	0.00	0.00	0.00	0.03	0.01	1.13
27	92023	100.0	10.0	37.0	38.0	36.1	38.0	38.0	0.00016	0.00016	0.00016	0.0017	0.0002	0.1	0.00	0.00	0.01	0.03	0.01	1.21
28	92023	100.0	10.0	37.0	38.0	36.6	38.0	38.0	0.00016	0.00016	0.00016	0.0012	0.0002	0.1	0.00	0.00	0.01	0.04	0.01	1.22
29	92023	100.0	10.0	37.0	38.0	36.4	38.0	38.0	0.00016	0.00016	0.00016	0.0015	0.0002	0.1	0.00	0.00	0.01	0.04	0.01	1.22
30	92023	100.0	10.0	37.0	38.0	36.5	38.0	38.0	0.00016	0.00016	0.00016	0.0015	0.0002	0.1	0.00	0.00	0.01	0.04	0.01	1.24
31	92023	100.0	10.0	37.0	38.0	37.0	38.0	38.0	0.00016	0.00016	0.00016	0.00089	0.0002	0.1	0.00	0.01	0.01	0.04	0.01	1.25
32	92023	100.0	10.0	37.0	38.0	36.6	38.0	38.0	0.00016	0.00016	0.00016	0.0013	0.0002	0.1	0.01	0.01	0.01	0.04	0.01	1.25
33	92023	100.0	11.0	37.0	38.0	36.8	38.0	38.0	0.00016	0.00016	0.00016	0.0012	0.0002	0.079	0.01	0.01	0.01	0.04	0.01	1.25
34	92023	100.0	10.0	37.0	38.0	36.8	38.0	38.0	0.00016	0.00016	0.00016	0.0011	0.0002	0.1	0.01	0.01	0.01	0.04	0.02	1.32
35	92023	100.0	10.0	38.0	38.0	37.1	38.0	38.0	0.00016	0.00016	0.00016	0.00087	0.00016	0.1	0.01	0.01	0.01	0.04	0.02	1.32
36	92023	100.0	10.0	37.0	38.0	36.8	38.0	38.0	0.00016	0.00016	0.00016	0.0013	0.0002	0.1	0.01	0.01	0.01	0.04	0.02	1.32
37	92023	100.0	10.0	37.0	38.0	36.7	38.0	38.0	0.00016	0.00016	0.00016	0.0012	0.0002	0.1	0.01	0.01	0.01	0.05	0.02	1.40
38	92023	100.0	10.0	37.0	38.0	36.1	38.0	38.0	0.00016	0.00016	0.00016	0.002	0.0002	0.1	0.01	0.01	0.01	0.05	0.02	1.48
39	92023	100.0	10.0	37.0	38.0	37.0	38.0	38.0	0.00016	0.00016	0.00016	0.00083	0.0002	0.1	0.01	0.01	0.01	0.05	0.02	1.49
40	92023	100.0	10.0	37.0	38.0	36.8	38.0	38.0	0.00016	0.00016	0.00016	0.0011	0.0002	0.1	0.01	0.01	0.01	0.05	0.02	1.49
41	92023	100.0	10.0	37.0	38.0	36.6	38.0	38.0	0.00016	0.00016	0.00016	0.0012	0.0002	0.1	0.01	0.01	0.01	0.05	0.02	1.49
42	92023	100.0	10.0	37.0	38.0	36.2	38.0	38.0	0.00016	0.00016	0.00016	0.0019	0.0002	0.1	0.01	0.01	0.01	0.05	0.02	1.49
43	92023	100.0	10.0	37.0	38.0	36.7	38.0	38.0	0.00016	0.00016	0.00016	0.0012	0.0002	0.1	0.01	0.01	0.01	0.05	0.02	1.57
44	92023	100.0	10.0	37.0	38.0	36.6	38.0	38.0	0.00016	0.00016	0.00016	0.0014	0.0002	0.1	0.01	0.01	0.01	0.06	0.02	1.65
45	92023	100.0	10.0	37.0	38.0	36.3	38.0	38.0	0.00016	0.00016	0.00016	0.0012	0.0002	0.1	0.01	0.01	0.01	0.06	0.02	1.66
46	92023	100.0	10.0	37.0	38.0	36.9	38.0	38.0	0.00016	0.00016	0.00016	0.00098	0.0002	0.1	0.01	0.01	0.01	0.06	0.02	1.66
47	92023	100.0	10.0	37.0	38.0	36.7	38.0	38.0	0.00016	0.00016	0.00016	0.001	0.0002	0.1	0.01	0.01	0.01	0.06	0.03	1.66
48	92023	100.0	10.0	38.0	38.0	37.0	38.0	38.0	0.00016	0.00016	0.00016	0.00089	0.00016	0.1	0.01	0.01	0.01	0.06	0.03	1.66
49	92023	100.0	10.0	37.0	38.0	36.8	38.0	38.0	0.00016	0.00016	0.00016	0.00098	0.0002	0.1	0.01	0.01	0.01	0.06	0.03	1.74
50	92023	100.0	10.0	36.0	38.0	36.2	38.0	38.0	0.00016	0.00016	0.00016	0.0017	0.00025	0.1	0.01	0.01	0.01	0.06	0.03	1.74
51	92023	100.0	10.0	37.0	38.0	36.5	38.0	38.0	0.00016	0.00016	0.00016	0.0015	0.0002	0.1	0.01	0.01	0.01	0.06	0.03	1.74
52	92023	100.0	10.0	37.0	38.0	36.4	38.0	38.0	0.00016	0.00016	0.00016	0.0017	0.0002	0.1	0.01	0.01	0.01	0.07	0.03	1.74
53	92023	100.0	10.0	37.0	38.0	36.3	38.0	38.0	0.00016	0.00016	0.00016	0.0017	0.0002	0.1	0.01	0.01	0.01	0.07	0.03	1.74
54	92023	100.0	10.0	37.0	38.0	36.7	38.0	38.0	0.00016	0.00016	0.00016	0.0012	0.0002	0.1	0.01	0.01	0.01	0.07	0.04	1.74
55	92023	100.0	10.0	37.0	38.0	37.0	38.0	38.0	0.00016	0.00016	0.00016	0.00094	0.0002	0.1	0.01	0.01	0.01	0.07	0.04	1.74
56	92023	100.0	10.0	37.0	38.0	36.7	38.0	38.0	0.00016	0.00016	0.00016	0.0012	0.0002	0.1	0.01	0.01	0.01	0.07	0.04	1.74
57	92023	100.0	10.0	38.0	38.0	36.9	38.0	38.0	0.00016	0.00016	0.00016	0.0011	0.00016	0.1	0.01	0.01	0.01	0.07	0.04	1.74
58	92023	100.0	10.0	38.0	38.0	37.0	38.0	38.0	0.00016	0.00016	0.00016	0.00092	0.00016	0.1	0.01	0.01	0.01	0.07	0.04	1.74
59	92023	100.0	10.0	37.0	38.0	36.8	38.0	38.0	0.00016	0.00016	0.00016	0.0011	0.0002	0.1	0.01	0.01	0.01	0.07	0.05	1.74
60	92023	100.0	10.0	37.0	38.0	36.4	38.0	38.0	0.00016	0.00016	0.00016	0.0014	0.0002	0.1	0.01	0.01	0.01	0.07	0.09	1.74
61	92023	100.0	10.0	37.0	38.0	36.5	38.0	38.0	0.00016	0.00016	0.00016	0.0014	0.0002	0.1	0.01	0.01	0.01	0.08	0.09	1.74
62	92023	100.0	10.0	37.0	38.0	36.8	38.0	38.0	0.00016	0.00016	0.00016	0.0011	0.0002	0.1	0.01	0.01	0.01	0.08	0.09	1.74
63	92023	100.0	10.0	37.0	38.0	36.7	38.0	38.0	0.00016	0.00016	0.00016	0.0011	0.0002	0.1	0.01	0.01	0.01	0.08	0.09	1.74
64	92023	100.0	10.0	37.0	38.0	36.8	38.0	38.0	0.00016	0.00016	0.00016	0.0013	0.0002	0.1	0.01	0.01	0.01	0.08	0.09	1.82
65	92023	100.0	10.0	37.0	38.0	36.5	38.0	38.0	0.00016	0.00016	0.00016	0.0016	0.0002	0.1	0.01	0.01	0.01	0.08	0.09	1.82
66	92023	100.0	10.0	37.0	38.0	36.2	38.0	38.0	0.00016	0.00016	0.00016	0.0017	0.0002	0.1	0.01	0.01	0.01	0.08	0.09	1.82
67	92023	100.0	10.0	37.0	38.0	36.7	38.0	38.0	0.00016	0.00016	0.00016	0.0012	0.0002	0.1	0.01	0.01	0.01	0.08	0.09	1.82
68	92023	100.0	10.0	37.0	38.0	36.6	38.0	38.0	0.00016	0.00016	0.00016	0.0013	0.0002	0.1	0.01	0.01	0.01	0.09	0.09	1.82
69	92023	100.0	10.0	37.0	38.0	36.6	38.0	38.0	0.00016	0.00016	0.00016	0.0013	0.0002	0.1	0.01	0.01	0.01	0.09	0.10	1.82
70	92023	100.0	10.0	37.0	38.0	36.2	38.0	38.0	0.00016	0.00016	0.00016	0.0018	0.0002	0.1	0.01	0.01	0.01	0.09	0.10	1.86
71	92023	100.0	10.0	37.0	38.0	36.2	38.0	38.0	0.00016	0.00016	0.00016	0.0017	0.0002	0.1	0.01	0.01	0.02	0.09	0.10	1.86
72	92023	100.0	10.0	37.0	38.0	36.7	38.0	38.0	0.00016	0.00016	0.00016	0.0012	0.0002	0.1	0.01	0.01	0.02	0.09	0.10	1.86
73	92023	100.0	10.0	37.0	38.0	36.8	38.0	38.0	0.00016	0.00016	0.00016	0.0011	0.0002	0.1	0.01	0.01	0.02	0.09	0.10	1.86
74	92023	100.0	10.0	37.0	38.0	36.9	38.0	38.0	0.00016	0.00016	0.00016	0.00097	0.0002	0.1	0.01	0.01	0.02	0.09	0.10	1.86
75	92023	100.0	11.0	37.0	38.0	36.9	38.0	38.0	0.00016	0.00016	0.00016	0.0011	0.0002	0.079	0.01	0.01	0.02	0.09	0.10	1.86
76	92023	100.0	10.0	38.0	38.0	36.9	38.0	38.0	0.00016	0.00016	0.00016	0.001	0.00016	0.1	0.01	0.01	0.02	0.10	0.10	1.86
77	92023	100.0	10.0	37.0	38.0	36.8	38.0	38.0	0.00016	0.00016	0.00016	0.00097	0.0002	0.1	0.01	0.01	0.02	0.10	0.10	1.87
78	92023	100.0	10.0	37.0	38.0	36.7	38.0	38.0	0.00016	0.00016	0.00016	0.0013	0.0002	0.1	0.01	0.01	0.02	0.10	0.10	1.87
79	92023	100.0	10.0	37.0	38.0	36.7	38.0	38.0	0.00016	0.00016	0.00016	0.0013	0.0002	0.1	0.01	0.01	0.02	0.10	0.10	1.87
80	92023	100.0	10.0	37.0	38.0	36.3	38.0	38.0	0.00016	0.00016	0.00016	0.0017	0.0002	0.1	0.01	0.01	0.02	0.10	0.10	1.87
81	92023	100.0	10.0	37.0	38.0	35.9	38.0	38.0	0.00016	0.00016	0.00016	0.0022	0.0002	0.1	0.01	0.01	0.02	0.10	0.10	1.87
82	92023	100.0	10.0	37.0	38.0	36.1	38.0	38.0	0.00016	0.00016	0.00016	0.0018	0.0002	0.1	0.01	0.01	0.02	0.11	0.11	1.87
83	92023	100.0	10.0	37.0	38.0	36.5	38.0	38.0	0.00016	0.00016	0.00016	0.0014	0.0002	0.1	0.01	0.01	0.02	0.11	0.11	1.87
84	92023	100.0	10.0	37.0	38.0	36.5	38.0	38.0	0.00016	0.00016	0.00016	0.0015	0.0002	0.1	0.01	0.01	0.02	0.11	0.11	1.87
85	92023	100.0	10.0	37.0	38.0	36.4	38.0	38.0	0.00016	0.00016	0.00016	0.0015	0.0002	0.1	0.01	0.01	0.02	0.11	0.11	1.87
86	92023	100.0	10.0	37.0	38.0	36.1	38.0	38.0	0.00016	0.00016	0.00016	0.002	0.0002	0.1	0.01	0.01	0.02	0.11	0.11	1.87
87	92023	100.0	10.0	37.0	38.0	35.7	38.0	38.0	0.00016	0.00016	0.00016	0.0025	0.0002	0.1	0.01	0.01	0.02	0.11	0.11	1.92
88	92023	100.0	10.0	37.0	38.0	36.2	38.0	38.0	0.00016	0.00016	0.00016	0.0017	0.0002	0.1	0.01	0.01	0.02	0.12	0.11	1.92
89	92023	100.0	9.0	36.0	38.0	35.8	38.0	38.0	0.00016	0.00016	0.00016	0.0021	0.00025	0.13	0.01	0.01	0.02	0.12	0.11	2.02
90	92023	100.0	10.0	36.0	38.0	35.6	38.0	38.0	0.00016	0.00016	0.00016	0.0025	0.00025	0.1	0.01	0.01	0.02	0.12	0.11	2.02
91	92023	100.0	10.0	36.0	38.0	35.9	38.0	38.0	0.00016	0.00016	0.00016	0.0018	0.00025	0.1	0.01	0.01	0.02	0.12	0.12	2.02
92	91910	99.9	10.0	36.0	38.0	35.8	38.0	38.0	0.00016	0.00016	0.00016	0.0024	0.00025	0.1	0.01	0.02	0.02	0.12	0.12	2.02
93	91764	99.7	10.0	36.0	38.0	36.0	38.0	38.0	0.00016	0.00016	0.00016	0.0018	0.00025	0.1	0.01	0.02	0.02	0.13	0.12	2.05
94	91669	99.6	10.0	37.0	38.0	36.5	38.0	38.0	0.00016	0.00016	0.00016	0.0015	0.0002	0.1	0.01	0.02	0.02	0.13	0.12	2.05
95	91664	99.6	10.0	37.0	38.0	36.7	38.0	38.0	0.00016	0.00016	0.00016	0.0012	0.0002	0.1	0.02	0.02	0.02	0.13	0.12	2.13
96	91662	99.6	9.0	37.0	38.0	37.3	38.0	38.0	0.00016	0.00016	0.00016	0.00055	0.0002	0.13	0.02	0.02	0.02	0.13	0.12	2.13
97	91660	99.6	10.0	37.0	38.0	36.4	38.0	38.0	0.00016	0.00016	0.00016	0.0014	0.0002	0.1	0.02	0.02	0.02	0.13	0.12	2.13
98	91565	99.5	9.0	37.0	38.0	36.1	38.0	38.0	0.00016	0.00016	0.00016	0.0019	0.0002	0.13	0.02	0.02	0.02	0.13	0.12	2.13
99	91536	99.5	10.0	37.0	38.0	36.0	38.0	38.0	0.00016	0.00016	0.00016	0.002	0.0002	0.1	0.02	0.02	0.02	0.13	0.12	2.13
100	91528	99.5	9.0	37.0	38.0	36.1	38.0	38.0	0.00016	0.00016	0.00016	0.0018	0.0002	0.13	0.02	0.02	0.02	0.14	0.12	2.14
101	91490	99.4	10.0	37.0	38.0	36.3	38.0	38.0	0.00016	0.00016	0.00016	0.0016	0.0002	0.1	0.02	0.02	0.02	0.14	0.12	2.15
102	90842	98.7	10.0	37.0	38.0	36.4	38.0	38.0	0.00016	0.00016	0.00016	0.0015	0.0002	0.1	0.02	0.02	0.02	0.14	0.13	2.22
103	12178	13.2	10.0	37.0	38.0	36.6	38.0	38.0	0.00016	0.00016	0.00016	0.0012	0.0002	0.1	0.02	0.02	0.03	0.16	0.15	2.10
104	1213	1.3	9.0	37.0	38.0	36.4	38.0	38.0	0.00016	0.00016	0.00016	0.0018	0.0002	0.13	0.02	0.02	0.03	0.18	0.20	2.00
105	696	0.8	9.0	37.0	38.0	36.5	38.0	38.0	0.00016	0.00016	0.00016	0.0015	0.0002	0.13	0.02	0.02	0.03	0.19	0.21	2.00
106	552	0.6	11.0	37.0	38.0	36.4	38.0	38.0	0.00016	0.00016	0.00016	0.0015	0.0002	0.079	0.02	0.02	0.03	0.19	0.21	2.00
107	551	0.6	11.0	37.0	38.0	37.0	38.0	38.0	0.00016	0.00016	0.00016	0.0011	0.0002	0.079	0.02	0.02	0.03	0.19	0.21	2.00
108	551	0.6	10.0	37.0	38.0	36.8	38.0	38.0	0.00016	0.00016	0.00016	0.0012	0.0002	0.1	0.02	0.02	0.04	0.19	0.21	2.00
109	538	0.6	11.0	38.0	38.0	37.1	38.0	38.0	0.00016	0.00016	0.00016	0.00084	0.00016	0.079	0.02	0.02	0.04	0.19	0.21	2.01
110	536	0.6	11.0	37.0	38.0	37.0	38.0	38.0	0.00016	0.00016	0.00016	0.00057	0.0002	0.079	0.02	0.02	0.04	0.19	0.21	2.01
111	535	0.6	10.0	37.0	38.0	36.9	38.0	38.0	0.00016	0.00016	0.00016	0.0011	0.0002	0.1	0.02	0.02	0.04	0.19	0.21	2.01
112	504	0.5	10.0	37.0	38.0	36.6	38.0	38.0	0.00016	0.00016	0.00016	0.0014	0.0002	0.1	0.02	0.02	0.04	0.20	0.22	2.01
113	504	0.5	10.0	37.0	38.0	36.8	38.0	38.0	0.00016	0.00016	0.00016	0.0014	0.0002	0.1	0.02	0.02	0.04	0.20	0.22	2.01
114	442	0.5	10.0	37.0	38.0	36.8	38.0	38.0	0.00016	0.00016	0.00016	0.00075	0.0002	0.1	0.02	0.02	0.04	0.21	0.23	2.11
115	297	0.3	11.0	37.0	38.0	36.8	38.0	38.0	0.00016	0.00016	0.00016	0.0011	0.0002	0.079	0.02	0.02	0.05	0.22	0.23	1.82
116	296	0.3	11.0	37.0	38.0	36.7	38.0	38.0	0.00016	0.00016	0.00016	0.0011	0.0002	0.079	0.02	0.02	0.05	0.23	0.23	1.82
117	296	0.3	11.0	38.0	38.0	37.1	38.0	38.0	0.00016	0.00016	0.00016	0.00078	0.00016	0.079	0.02	0.02	0.05	0.23	0.23	1.82
118	295	0.3	11.0	38.0	38.0	37.3	38.0	38.0	0.00016	0.00016	0.00016	0.00052	0.00016	0.079	0.02	0.02	0.05	0.23	0.25	1.82
119	295	0.3	11.0	37.0	38.0	37.0	38.0	38.0	0.00016	0.00016	0.00016	0.00056	0.0002	0.079	0.02	0.02	0.05	0.23	0.25	1.83
120	293	0.3	11.0	37.0	38.0	36.4	38.0	38.0	0.00016	0.00016	0.00016	0.0017	0.0002	0.079	0.02	0.02	0.05	0.23	0.25	1.83
121	117	0.1	30.0	38.0	38.0	37.4	38.0	38.0	0.00016	0.00016	0.00016	0.0002	0.00016	0.001	0.02	0.02	0.05	0.19	0.23	1.24
