Pos	Recs	PctRecs	Min_Q	Low_Q	Med_Q	Mean_Q	Hi_Q	Max_Q	Min_Pe	Low_Pe	Med_Pe	Mean_Pe	Hi_Pe	Max_Pe	Min_EE	Low_EE	Med_EE	Mean_EE	Hi_EE	Max_EE
1	73878	100.0	10.0	38.0	38.0	37.1	38.0	38.0	0.00016	0.00016	0.00016	0.00084	0.00016	0.1	0.00	0.00	0.00	0.00	0.00	0.10
2	73878	100.0	10.0	38.0	38.0	37.2	38.0	38.0	0.00016	0.00016	0.00016	0.00062	0.00016	0.1	0.00	0.00	0.00	0.00	0.00	0.20
3	73878	100.0	10.0	38.0	38.0	37.3	38.0	38.0	0.00016	0.00016	0.00016	0.00059	0.00016	0.1	0.00	0.00	0.00	0.00	0.00	0.28
4	73878	100.0	11.0	37.0	38.0	36.6	38.0	38.0	0.00016	0.00016	0.00016	0.0012	0.0002	0.079	0.00	0.00	0.00	0.00	0.00	0.28
5	73878	100.0	10.0	37.0	38.0	36.7	38.0	38.0	0.00016	0.00016	0.00016	0.0013	0.0002	0.1	0.00	0.00	0.00	0.00	0.00	0.33
6	73878	100.0	10.0	37.0	38.0	36.6	38.0	38.0	0.00016	0.00016	0.00016	0.0015	0.0002	0.1	0.00	0.00	0.00	0.01	0.00	0.33
7	73878	100.0	10.0	37.0	38.0	36.8	38.0	38.0	0.00016	0.00016	0.00016	0.0012	0.0002	0.1	0.00	0.00	0.00	0.01	0.00	0.41
8	73878	100.0	10.0	37.0	38.0	36.6	38.0	38.0	0.00016	0.00016	0.00016	0.0013	0.0002	0.1	0.00	0.00	0.00	0.01	0.00	0.41
9	73878	100.0	10.0	37.0	38.0	36.4	38.0	38.0	0.00016	0.00016	0.00016	0.0014	0.0002	0.1	0.00	0.00	0.00	0.01	0.00	0.49
10	73878	100.0	10.0	37.0	38.0	36.9	38.0	38.0	0.00016	0.00016	0.00016	0.0011	0.0002	0.1	0.00	0.00	0.00	0.01	0.00	0.57
11	73878	100.0	10.0	37.0	38.0	36.5	38.0	38.0	0.00016	0.00016	0.00016	0.0017	0.0002	0.1	0.00	0.00	0.00	0.01	0.00	0.67
12	73878	100.0	10.0	37.0	38.0	36.7	38.0	38.0	0.00016	0.00016	0.00016	0.0012	0.0002	0.1	0.00	0.00	0.00	0.01	0.00	0.67
13	73878	100.0	10.0	37.0	38.0	36.6	38.0	38.0	0.00016	0.00016	0.00016	0.0014	0.0002	0.1	0.00	0.00	0.00	0.02	0.00	0.77
14	73878	100.0	10.0	37.0	38.0	36.8	38.0	38.0	0.00016	0.00016	0.00016	0.0011	0.0002	0.1	0.00	0.00	0.00	0.02	0.00	0.87
15	73878	100.0	10.0	37.0	38.0	36.5	38.0	38.0	0.00016	0.00016	0.00016	0.0016	0.0002	0.1	0.00	0.00	0.00	0.02	0.01	0.97
16	73878	100.0	10.0	37.0	38.0	37.0	38.0	38.0	0.00016	0.00016	0.00016	0.00085	0.0002	0.1	0.00	0.00	0.00	0.02	0.01	1.07
17	73878	100.0	10.0	37.0	38.0	36.7	38.0	38.0	0.00016	0.00016	0.00016	0.0013	0.0002	0.1	0.00	0.00	0.00	0.02	0.01	1.15
18	73878	100.0	11.0	37.0	38.0	36.5	38.0	38.0	0.00016	0.00016	0.00016	0.0015	0.0002	0.079	0.00	0.00	0.00	0.02	0.01	1.16
19	73878	100.0	10.0	37.0	38.0	37.0	38.0	38.0	0.00016	0.00016	0.00016	0.00082	0.0002	0.1	0.00	0.00	0.00	0.02	0.01	1.16
20	73878	100.0	11.0	37.0	38.0	36.5	38.0	38.0	0.00016	0.00016	0.00016	0.0015	0.0002	0.079	0.00	0.00	0.00	0.02	0.01	1.24
21	73878	100.0	10.0	37.0	38.0	36.4	38.0	38.0	0.00016	0.00016	0.00016	0.0015	0.0002	0.1	0.00	0.00	0.00	0.03	0.01	1.25
22	73878	100.0	11.0	37.0	38.0	36.2	38.0	38.0	0.00016	0.00016	0.00016	0.0019	0.0002	0.079	0.00	0.00	0.00	0.03	0.01	1.33
23	73878	100.0	10.0	37.0	38.0	36.6	38.0	38.0	0.00016	0.00016	0.00016	0.0013	0.0002	0.1	0.00	0.00	0.00	0.03	0.01	1.33
24	73878	100.0	10.0	37.0	38.0	37.0	38.0	38.0	0.00016	0.00016	0.00016	0.00046	0.0002	0.1	0.00	0.00	0.00	0.03	0.01	1.34
25	73878	100.0	10.0	37.0	38.0	36.3	38.0	38.0	0.00016	0.00016	0.00016	0.0013	0.0002	0.1	0.00	0.00	0.00	0.03	0.01	1.34
26	73878	100.0	10.0	37.0	38.0	36.5	38.0	38.0	0.00016	0.00016	0.00016	0.0013	0.0002	0.1	0.00	0.00	0.00	0.03	0.01	1.42
27	73878	100.0	10.0	37.0	38.0	36.1	38.0	38.0	0.00016	0.00016	0.00016	0.0017	0.0002	0.1	0.00	0.00	0.00	0.03	0.01	1.43
28	73878	100.0	10.0	37.0	38.0	36.8	38.0	38.0	0.00016	0.00016	0.00016	0.00099	0.0002	0.1	0.00	0.00	0.01	0.03	0.01	1.43
29	73878	100.0	10.0	37.0	38.0	36.8	38.0	38.0	0.00016	0.00016	0.00016	0.0012	0.0002	0.1	0.00	0.00	0.01	0.04	0.01	1.44
30	73878	100.0	10.0	37.0	38.0	36.6	38.0	38.0	0.00016	0.00016	0.00016	0.0015	0.0002	0.1	0.00	0.00	0.01	0.04	0.01	1.44
31	73878	100.0	10.0	37.0	38.0	36.9	38.0	38.0	0.00016	0.00016	0.00016	0.00095	0.0002	0.1	0.00	0.00	0.01	0.04	0.01	1.45
32	73878	100.0	10.0	37.0	38.0	36.6	38.0	38.0	0.00016	0.00016	0.00016	0.0015	0.0002	0.1	0.01	0.01	0.01	0.04	0.01	1.45
33	73878	100.0	10.0	38.0	38.0	37.1	38.0	38.0	0.00016	0.00016	0.00016	0.0009	0.00016	0.1	0.01	0.01	0.01	0.04	0.01	1.45
34	73878	100.0	10.0	37.0	38.0	36.9	38.0	38.0	0.00016	0.00016	0.00016	0.001	0.0002	0.1	0.01	0.01	0.01	0.04	0.01	1.45
35	73878	100.0	10.0	37.0	38.0	37.0	38.0	38.0	0.00016	0.00016	0.00016	0.00095	0.0002	0.1	0.01	0.01	0.01	0.04	0.01	1.45
36	73878	100.0	10.0	37.0	38.0	36.9	38.0	38.0	0.00016	0.00016	0.00016	0.0012	0.0002	0.1	0.01	0.01	0.01	0.04	0.02	1.45
37	73878	100.0	10.0	37.0	38.0	36.8	38.0	38.0	0.00016	0.00016	0.00016	0.001	0.0002	0.1	0.01	0.01	0.01	0.04	0.02	1.45
38	73878	100.0	10.0	37.0	38.0	36.5	38.0	38.0	0.00016	0.00016	0.00016	0.0014	0.0002	0.1	0.01	0.01	0.01	0.05	0.02	1.45
39	73878	100.0	10.0	37.0	38.0	36.9	38.0	38.0	0.00016	0.00016	0.00016	0.00093	0.0002	0.1	0.01	0.01	0.01	0.05	0.02	1.45
40	73878	100.0	10.0	37.0	38.0	36.9	38.0	38.0	0.00016	0.00016	0.00016	0.0011	0.0002	0.1	0.01	0.01	0.01	0.05	0.02	1.53
41	73878	100.0	10.0	37.0	38.0	36.7	38.0	38.0	0.00016	0.00016	0.00016	0.0011	0.0002	0.1	0.01	0.01	0.01	0.05	0.02	1.59
42	73878	100.0	10.0	37.0	38.0	36.6	38.0	38.0	0.00016	0.00016	0.00016	0.0014	0.0002	0.1	0.01	0.01	0.01	0.05	0.02	1.62
43	73878	100.0	10.0	38.0	38.0	37.1	38.0	38.0	0.00016	0.00016	0.00016	0.00075	0.00016	0.1	0.01	0.01	0.01	0.05	0.02	1.63
44	73878	100.0	10.0	37.0	38.0	36.9	38.0	38.0	0.00016	0.00016	0.00016	0.001	0.0002	0.1	0.01	0.01	0.01	0.05	0.02	1.67
45	73878	100.0	10.0	37.0	38.0	36.6	38.0	38.0	0.00016	0.00016	0.00016	0.001	0.0002	0.1	0.01	0.01	0.01	0.05	0.02	1.67
46	73878	100.0	10.0	38.0	38.0	37.3	38.0	38.0	0.00016	0.00016	0.00016	0.00067	0.00016	0.1	0.01	0.01	0.01	0.05	0.02	1.67
47	73878	100.0	10.0	38.0	38.0	37.1	38.0	38.0	0.00016	0.00016	0.00016	0.00072	0.00016	0.1	0.01	0.01	0.01	0.05	0.02	1.67
48	73878	100.0	10.0	38.0	38.0	36.9	38.0	38.0	0.00016	0.00016	0.00016	0.00098	0.00016	0.1	0.01	0.01	0.01	0.06	0.02	1.67
49	73878	100.0	10.0	38.0	38.0	37.1	38.0	38.0	0.00016	0.00016	0.00016	0.00068	0.00016	0.1	0.01	0.01	0.01	0.06	0.02	1.67
50	73878	100.0	10.0	38.0	38.0	36.7	38.0	38.0	0.00016	0.00016	0.00016	0.0011	0.00016	0.1	0.01	0.01	0.01	0.06	0.02	1.67
51	73878	100.0	10.0	37.0	38.0	36.5	38.0	38.0	0.00016	0.00016	0.00016	0.0014	0.0002	0.1	0.01	0.01	0.01	0.06	0.02	1.67
52	73878	100.0	10.0	36.0	38.0	36.0	38.0	38.0	0.00016	0.00016	0.00016	0.0022	0.00025	0.1	0.01	0.01	0.01	0.06	0.03	1.68
53	73878	100.0	10.0	36.0	38.0	36.0	38.0	38.0	0.00016	0.00016	0.00016	0.002	0.00025	0.1	0.01	0.01	0.01	0.06	0.03	1.68
54	73878	100.0	10.0	37.0	38.0	36.8	38.0	38.0	0.00016	0.00016	0.00016	0.001	0.0002	0.1	0.01	0.01	0.01	0.06	0.03	1.68
55	73878	100.0	10.0	38.0	38.0	37.0	38.0	38.0	0.00016	0.00016	0.00016	0.00092	0.00016	0.1	0.01	0.01	0.01	0.07	0.03	1.68
56	73878	100.0	10.0	37.0	38.0	36.7	38.0	38.0	0.00016	0.00016	0.00016	0.0013	0.0002	0.1	0.01	0.01	0.01	0.07	0.03	1.68
57	73878	100.0	10.0	38.0	38.0	37.1	38.0	38.0	0.00016	0.00016	0.00016	0.00082	0.00016	0.1	0.01	0.01	0.01	0.07	0.03	1.68
58	73878	100.0	10.0	38.0	38.0	37.3	38.0	38.0	0.00016	0.00016	0.00016	0.00063	0.00016	0.1	0.01	0.01	0.01	0.07	0.03	1.68
59	73878	100.0	10.0	37.0	38.0	36.8	38.0	38.0	0.00016	0.00016	0.00016	0.001	0.0002	0.1	0.01	0.01	0.01	0.07	0.03	1.68
60	73878	100.0	10.0	37.0	38.0	36.5	38.0	38.0	0.00016	0.00016	0.00016	0.0012	0.0002	0.1	0.01	0.01	0.01	0.07	0.03	1.68
61	73878	100.0	10.0	37.0	38.0	36.8	38.0	38.0	0.00016	0.00016	0.00016	0.0011	0.0002	0.1	0.01	0.01	0.01	0.07	0.03	1.68
62	73878	100.0	10.0	37.0	38.0	36.7	38.0	38.0	0.00016	0.00016	0.00016	0.0012	0.0002	0.1	0.01	0.01	0.01	0.07	0.03	1.68
63	73878	100.0	10.0	37.0	38.0	36.7	38.0	38.0	0.00016	0.00016	0.00016	0.0012	0.0002	0.1	0.01	0.01	0.01	0.07	0.03	1.76
64	73878	100.0	10.0	37.0	38.0	36.7	38.0	38.0	0.00016	0.00016	0.00016	0.0013	0.0002	0.1	0.01	0.01	0.01	0.07	0.04	1.76
65	73878	100.0	10.0	37.0	38.0	36.7	38.0	38.0	0.00016	0.00016	0.00016	0.0012	0.0002	0.1	0.01	0.01	0.01	0.08	0.04	1.76
66	73878	100.0	10.0	37.0	38.0	36.3	38.0	38.0	0.00016	0.00016	0.00016	0.0016	0.0002	0.1	0.01	0.01	0.01	0.08	0.04	1.77
67	73878	100.0	10.0	37.0	38.0	36.3	38.0	38.0	0.00016	0.00016	0.00016	0.0018	0.0002	0.1	0.01	0.01	0.01	0.08	0.04	1.77
68	73878	100.0	10.0	37.0	38.0	36.9	38.0	38.0	0.00016	0.00016	0.00016	0.001	0.0002	0.1	0.01	0.01	0.01	0.08	0.04	1.77
69	73878	100.0	10.0	37.0	38.0	37.0	38.0	38.0	0.00016	0.00016	0.00016	0.00086	0.0002	0.1	0.01	0.01	0.01	0.08	0.05	1.77
70	73878	100.0	10.0	37.0	38.0	36.3	38.0	38.0	0.00016	0.00016	0.00016	0.0016	0.0002	0.1	0.01	0.01	0.01	0.08	0.05	1.77
71	73878	100.0	10.0	37.0	38.0	36.6	38.0	38.0	0.00016	0.00016	0.00016	0.0014	0.0002	0.1	0.01	0.01	0.01	0.08	0.09	1.77
72	73878	100.0	10.0	37.0	38.0	36.9	38.0	38.0	0.00016	0.00016	0.00016	0.00097	0.0002	0.1	0.01	0.01	0.01	0.09	0.09	1.77
73	73878	100.0	10.0	37.0	38.0	37.1	38.0	38.0	0.00016	0.00016	0.00016	0.00077	0.0002	0.1	0.01	0.01	0.01	0.09	0.09	1.83
74	73878	100.0	10.0	38.0	38.0	37.3	38.0	38.0	0.00016	0.00016	0.00016	0.00063	0.00016	0.1	0.01	0.01	0.01	0.09	0.09	1.83
75	73878	100.0	10.0	38.0	38.0	37.0	38.0	38.0	0.00016	0.00016	0.00016	0.00099	0.00016	0.1	0.01	0.01	0.02	0.09	0.09	1.83
76	73878	100.0	10.0	38.0	38.0	36.8	38.0	38.0	0.00016	0.00016	0.00016	0.0011	0.00016	0.1	0.01	0.01	0.02	0.09	0.09	1.83
77	73878	100.0	10.0	38.0	38.0	37.0	38.0	38.0	0.00016	0.00016	0.00016	0.00081	0.00016	0.1	0.01	0.01	0.02	0.09	0.09	1.83
78	73878	100.0	10.0	37.0	38.0	36.8	38.0	38.0	0.00016	0.00016	0.00016	0.0011	0.0002	0.1	0.01	0.01	0.02	0.09	0.09	1.84
79	73878	100.0	10.0	37.0	38.0	36.6	38.0	38.0	0.00016	0.00016	0.00016	0.0013	0.0002	0.1	0.01	0.01	0.02	0.09	0.10	1.84
80	73878	100.0	10.0	37.0	38.0	36.4	38.0	38.0	0.00016	0.00016	0.00016	0.0015	0.0002	0.1	0.01	0.01	0.02	0.09	0.10	1.84
81	73878	100.0	10.0	37.0	38.0	35.9	38.0	38.0	0.00016	0.00016	0.00016	0.0021	0.0002	0.1	0.01	0.01	0.02	0.10	0.10	1.84
82	73878	100.0	10.0	37.0	38.0	36.2	38.0	38.0	0.00016	0.00016	0.00016	0.0018	0.0002	0.1	0.01	0.01	0.02	0.10	0.10	1.84
83	73878	100.0	10.0	37.0	38.0	36.3	38.0	38.0	0.00016	0.00016	0.00016	0.0018	0.0002	0.1	0.01	0.01	0.02	0.10	0.10	1.84
84	73878	100.0	10.0	37.0	38.0	36.9	38.0	38.0	0.00016	0.00016	0.00016	0.00094	0.0002	0.1	0.01	0.01	0.02	0.10	0.10	1.84
85	73878	100.0	10.0	37.0	38.0	36.7	38.0	38.0	0.00016	0.00016	0.00016	0.0012	0.0002	0.1	0.01	0.01	0.02	0.10	0.10	1.84
86	73878	100.0	10.0	37.0	38.0	36.4	38.0	38.0	0.00016	0.00016	0.00016	0.0015	0.0002	0.1	0.01	0.01	0.02	0.10	0.10	1.85
87	73878	100.0	10.0	37.0	38.0	36.2	38.0	38.0	0.00016	0.00016	0.00016	0.0017	0.0002	0.1	0.01	0.01	0.02	0.10	0.10	1.85
88	73878	100.0	9.0	37.0	38.0	36.6	38.0	38.0	0.00016	0.00016	0.00016	0.0013	0.0002	0.13	0.01	0.01	0.02	0.11	0.10	1.85
89	73878	100.0	10.0	36.0	38.0	36.2	38.0	38.0	0.00016	0.00016	0.00016	0.0018	0.00025	0.1	0.01	0.01	0.02	0.11	0.10	1.95
90	73878	100.0	10.0	36.0	38.0	36.1	38.0	38.0	0.00016	0.00016	0.00016	0.002	0.00025	0.1	0.01	0.01	0.02	0.11	0.11	2.05
91	73878	100.0	10.0	37.0	38.0	36.7	38.0	38.0	0.00016	0.00016	0.00016	0.00085	0.0002	0.1	0.01	0.01	0.02	0.11	0.11	2.05
92	73877	100.0	9.0	36.0	38.0	36.1	38.0	38.0	0.00016	0.00016	0.00016	0.002	0.00025	0.13	0.01	0.02	0.02	0.11	0.11	2.05
93	73872	100.0	9.0	37.0	38.0	36.2	38.0	38.0	0.00016	0.00016	0.00016	0.0019	0.0002	0.13	0.01	0.02	0.02	0.11	0.11	2.05
94	73872	100.0	9.0	37.0	38.0	37.0	38.0	38.0	0.00016	0.00016	0.00016	0.00084	0.0002	0.13	0.01	0.02	0.02	0.12	0.11	2.05
95	73872	100.0	9.0	37.0	38.0	36.9	38.0	38.0	0.00016	0.00016	0.00016	0.00099	0.0002	0.13	0.02	0.02	0.02	0.12	0.11	2.10
96	73859	100.0	9.0	37.0	38.0	37.0	38.0	38.0	0.00016	0.00016	0.00016	0.00081	0.0002	0.13	0.02	0.02	0.02	0.12	0.11	2.17
97	73856	100.0	10.0	37.0	38.0	36.7	38.0	38.0	0.00016	0.00016	0.00016	0.0012	0.0002	0.1	0.02	0.02	0.02	0.12	0.11	2.18
98	73856	100.0	9.0	37.0	38.0	36.2	38.0	38.0	0.00016	0.00016	0.00016	0.0017	0.0002	0.13	0.02	0.02	0.02	0.12	0.11	2.19
99	73849	100.0	10.0	37.0	38.0	36.0	38.0	38.0	0.00016	0.00016	0.00016	0.0021	0.0002	0.1	0.02	0.02	0.02	0.12	0.11	2.19
100	73838	99.9	9.0	37.0	38.0	36.3	38.0	38.0	0.00016	0.00016	0.00016	0.0016	0.0002	0.13	0.02	0.02	0.02	0.12	0.11	2.26
101	73770	99.9	11.0	37.0	38.0	37.0	38.0	38.0	0.00016	0.00016	0.00016	0.00086	0.0002	0.079	0.02	0.02	0.02	0.12	0.11	2.27
102	72045	97.5	10.0	38.0	38.0	37.0	38.0	38.0	0.00016	0.00016	0.00016	0.00092	0.00016	0.1	0.02	0.02	0.02	0.13	0.11	2.27
103	1994	2.7	10.0	37.0	38.0	36.4	38.0	38.0	0.00016	0.00016	0.00016	0.0016	0.0002	0.1	0.02	0.02	0.03	0.16	0.16	1.93
104	759	1.0	9.0	37.0	38.0	36.2	38.0	38.0	0.00016	0.00016	0.00016	0.0016	0.0002	0.13	0.02	0.02	0.03	0.18	0.20	1.94
105	711	1.0	10.0	37.0	38.0	36.0	38.0	38.0	0.00016	0.00016	0.00016	0.0019	0.0002	0.1	0.02	0.02	0.03	0.17	0.19	1.69
106	319	0.4	9.0	36.0	38.0	36.1	38.0	38.0	0.00016	0.00016	0.00016	0.002	0.00025	0.13	0.02	0.02	0.03	0.18	0.16	1.67
107	293	0.4	11.0	37.0	38.0	36.5	38.0	38.0	0.00016	0.00016	0.00016	0.0014	0.0002	0.079	0.02	0.02	0.03	0.18	0.21	1.67
108	292	0.4	11.0	38.0	38.0	37.3	38.0	38.0	0.00016	0.00016	0.00016	0.00051	0.00016	0.079	0.02	0.02	0.03	0.18	0.20	1.67
109	277	0.4	11.0	37.0	38.0	37.1	38.0	38.0	0.00016	0.00016	0.00016	0.00082	0.0002	0.079	0.02	0.02	0.03	0.19	0.21	1.72
110	104	0.1	11.0	38.0	38.0	37.1	38.0	38.0	0.00016	0.00016	0.00016	0.00099	0.00016	0.079	0.02	0.02	0.05	0.17	0.21	1.69
111	103	0.1	11.0	37.0	38.0	36.2	38.0	38.0	0.00016	0.00016	0.00016	0.002	0.0002	0.079	0.02	0.02	0.05	0.18	0.22	1.70
112	103	0.1	26.0	37.0	38.0	37.1	38.0	38.0	0.00016	0.00016	0.00016	0.00023	0.0002	0.0025	0.02	0.02	0.05	0.18	0.22	1.70
113	101	0.1	25.0	38.0	38.0	37.3	38.0	38.0	0.00016	0.00016	0.00016	0.00024	0.00016	0.0032	0.02	0.02	0.05	0.18	0.22	1.70
114	7	0.0	22.0	37.0	38.0	35.6	38.0	38.0	0.00016	0.00016	0.00016	0.001	0.0002	0.0063	0.02	0.02	0.33	0.40	0.62	1.24
115	4	0.0	31.0	31.0	37.0	36.0	38.0	38.0	0.00016	0.00016	0.00016	0.00033	0.0002	0.00079	0.02	0.02	0.52	0.60	0.62	1.24
116	4	0.0	22.0	22.0	37.0	33.8	38.0	38.0	0.00016	0.00016	0.00016	0.0017	0.0002	0.0063	0.02	0.02	0.52	0.60	0.62	1.24
117	4	0.0	31.0	31.0	38.0	36.2	38.0	38.0	0.00016	0.00016	0.00016	0.00032	0.00016	0.00079	0.02	0.02	0.52	0.60	0.62	1.24
