Pos	Recs	PctRecs	Min_Q	Low_Q	Med_Q	Mean_Q	Hi_Q	Max_Q	Min_Pe	Low_Pe	Med_Pe	Mean_Pe	Hi_Pe	Max_Pe	Min_EE	Low_EE	Med_EE	Mean_EE	Hi_EE	Max_EE
1	128542	100.0	10.0	38.0	38.0	37.5	38.0	38.0	0.00016	0.00016	0.00016	0.00045	0.00016	0.1	0.00	0.00	0.00	0.00	0.00	0.10
2	128542	100.0	10.0	38.0	38.0	37.3	38.0	38.0	0.00016	0.00016	0.00016	0.00057	0.00016	0.1	0.00	0.00	0.00	0.00	0.00	0.18
3	128542	100.0	10.0	38.0	38.0	37.4	38.0	38.0	0.00016	0.00016	0.00016	0.00062	0.00016	0.1	0.00	0.00	0.00	0.00	0.00	0.26
4	128542	100.0	10.0	38.0	38.0	37.1	38.0	38.0	0.00016	0.00016	0.00016	0.00084	0.00016	0.1	0.00	0.00	0.00	0.00	0.00	0.30
5	128542	100.0	10.0	38.0	38.0	37.1	38.0	38.0	0.00016	0.00016	0.00016	0.001	0.00016	0.1	0.00	0.00	0.00	0.00	0.00	0.34
6	128542	100.0	10.0	38.0	38.0	36.9	38.0	38.0	0.00016	0.00016	0.00016	0.0011	0.00016	0.1	0.00	0.00	0.00	0.00	0.00	0.42
7	128542	100.0	10.0	38.0	38.0	37.3	38.0	38.0	0.00016	0.00016	0.00016	0.00064	0.00016	0.1	0.00	0.00	0.00	0.01	0.00	0.43
8	128542	100.0	10.0	38.0	38.0	37.1	38.0	38.0	0.00016	0.00016	0.00016	0.00083	0.00016	0.1	0.00	0.00	0.00	0.01	0.00	0.44
9	128542	100.0	10.0	38.0	38.0	37.0	38.0	38.0	0.00016	0.00016	0.00016	0.00079	0.00016	0.1	0.00	0.00	0.00	0.01	0.00	0.52
10	128542	100.0	10.0	38.0	38.0	37.3	38.0	38.0	0.00016	0.00016	0.00016	0.00072	0.00016	0.1	0.00	0.00	0.00	0.01	0.00	0.53
11	128542	100.0	10.0	38.0	38.0	37.3	38.0	38.0	0.00016	0.00016	0.00016	0.00074	0.00016	0.1	0.00	0.00	0.00	0.01	0.00	0.61
12	128542	100.0	10.0	38.0	38.0	37.2	38.0	38.0	0.00016	0.00016	0.00016	0.00074	0.00016	0.1	0.00	0.00	0.00	0.01	0.00	0.69
13	128542	100.0	10.0	38.0	38.0	37.3	38.0	38.0	0.00016	0.00016	0.00016	0.00061	0.00016	0.1	0.00	0.00	0.00	0.01	0.00	0.77
14	128542	100.0	10.0	38.0	38.0	37.6	38.0	38.0	0.00016	0.00016	0.00016	0.00038	0.00016	0.1	0.00	0.00	0.00	0.01	0.00	0.85
15	128542	100.0	10.0	38.0	38.0	37.4	38.0	38.0	0.00016	0.00016	0.00016	0.0006	0.00016	0.1	0.00	0.00	0.00	0.01	0.00	0.93
16	128542	100.0	10.0	38.0	38.0	37.5	38.0	38.0	0.00016	0.00016	0.00016	0.00044	0.00016	0.1	0.00	0.00	0.00	0.01	0.00	1.01
17	128542	100.0	10.0	38.0	38.0	37.2	38.0	38.0	0.00016	0.00016	0.00016	0.00078	0.00016	0.1	0.00	0.00	0.00	0.01	0.00	1.09
18	128542	100.0	10.0	38.0	38.0	37.2	38.0	38.0	0.00016	0.00016	0.00016	0.0008	0.00016	0.1	0.00	0.00	0.00	0.01	0.00	1.09
19	128542	100.0	10.0	38.0	38.0	37.3	38.0	38.0	0.00016	0.00016	0.00016	0.00064	0.00016	0.1	0.00	0.00	0.00	0.01	0.00	1.16
20	128542	100.0	10.0	38.0	38.0	37.3	38.0	38.0	0.00016	0.00016	0.00016	0.00066	0.00016	0.1	0.00	0.00	0.00	0.01	0.00	1.24
21	128542	100.0	10.0	38.0	38.0	37.2	38.0	38.0	0.00016	0.00016	0.00016	0.00071	0.00016	0.1	0.00	0.00	0.00	0.01	0.00	1.25
22	128542	100.0	10.0	38.0	38.0	37.1	38.0	38.0	0.00016	0.00016	0.00016	0.0008	0.00016	0.1	0.00	0.00	0.00	0.02	0.00	1.25
23	128542	100.0	10.0	38.0	38.0	37.3	38.0	38.0	0.00016	0.00016	0.00016	0.00058	0.00016	0.1	0.00	0.00	0.00	0.02	0.00	1.33
24	128542	100.0	10.0	37.0	38.0	36.3	38.0	38.0	0.00016	0.00016	0.00016	0.0017	0.0002	0.1	0.00	0.00	0.00	0.02	0.01	1.33
25	128542	100.0	9.0	37.0	38.0	36.7	38.0	38.0	0.00016	0.00016	0.00016	0.0012	0.0002	0.13	0.00	0.00	0.00	0.02	0.01	1.40
26	128542	100.0	10.0	37.0	38.0	36.3	38.0	38.0	0.00016	0.00016	0.00016	0.0017	0.0002	0.1	0.00	0.00	0.00	0.02	0.01	1.40
27	128542	100.0	9.0	37.0	38.0	36.8	38.0	38.0	0.00016	0.00016	0.00016	0.0011	0.0002	0.13	0.00	0.00	0.00	0.02	0.01	1.41
28	128542	100.0	10.0	37.0	38.0	36.9	38.0	38.0	0.00016	0.00016	0.00016	0.00099	0.0002	0.1	0.00	0.00	0.00	0.02	0.01	1.49
29	128542	100.0	9.0	38.0	38.0	37.0	38.0	38.0	0.00016	0.00016	0.00016	0.001	0.00016	0.13	0.00	0.00	0.00	0.02	0.01	1.49
30	128542	100.0	10.0	38.0	38.0	37.0	38.0	38.0	0.00016	0.00016	0.00016	0.0011	0.00016	0.1	0.00	0.00	0.00	0.02	0.01	1.49
31	128542	100.0	10.0	38.0	38.0	36.9	38.0	38.0	0.00016	0.00016	0.00016	0.001	0.00016	0.1	0.00	0.00	0.01	0.03	0.01	1.50
32	128542	100.0	10.0	38.0	38.0	37.0	38.0	38.0	0.00016	0.00016	0.00016	0.0011	0.00016	0.1	0.01	0.01	0.01	0.03	0.01	1.50
33	128542	100.0	10.0	37.0	38.0	36.8	38.0	38.0	0.00016	0.00016	0.00016	0.0013	0.0002	0.1	0.01	0.01	0.01	0.03	0.01	1.50
34	128542	100.0	10.0	37.0	38.0	36.9	38.0	38.0	0.00016	0.00016	0.00016	0.00058	0.0002	0.1	0.01	0.01	0.01	0.03	0.01	1.50
35	128542	100.0	10.0	37.0	38.0	36.9	38.0	38.0	0.00016	0.00016	0.00016	0.00075	0.0002	0.1	0.01	0.01	0.01	0.03	0.01	1.58
36	128542	100.0	10.0	37.0	38.0	36.8	38.0	38.0	0.00016	0.00016	0.00016	0.0011	0.0002	0.1	0.01	0.01	0.01	0.03	0.01	1.65
37	128542	100.0	10.0	37.0	38.0	36.9	38.0	38.0	0.00016	0.00016	0.00016	0.00091	0.0002	0.1	0.01	0.01	0.01	0.03	0.01	1.66
38	128542	100.0	10.0	38.0	38.0	37.0	38.0	38.0	0.00016	0.00016	0.00016	0.00081	0.00016	0.1	0.01	0.01	0.01	0.03	0.01	1.74
39	128542	100.0	10.0	38.0	38.0	37.0	38.0	38.0	0.00016	0.00016	0.00016	0.00095	0.00016	0.1	0.01	0.01	0.01	0.03	0.01	1.75
40	128542	100.0	10.0	38.0	38.0	37.0	38.0	38.0	0.00016	0.00016	0.00016	0.00099	0.00016	0.1	0.01	0.01	0.01	0.03	0.01	1.75
41	128542	100.0	10.0	38.0	38.0	37.1	38.0	38.0	0.00016	0.00016	0.00016	0.00084	0.00016	0.1	0.01	0.01	0.01	0.04	0.01	1.75
42	128542	100.0	10.0	38.0	38.0	37.0	38.0	38.0	0.00016	0.00016	0.00016	0.00094	0.00016	0.1	0.01	0.01	0.01	0.04	0.01	1.75
43	128542	100.0	10.0	38.0	38.0	37.2	38.0	38.0	0.00016	0.00016	0.00016	0.00084	0.00016	0.1	0.01	0.01	0.01	0.04	0.01	1.75
44	128542	100.0	10.0	38.0	38.0	37.2	38.0	38.0	0.00016	0.00016	0.00016	0.00082	0.00016	0.1	0.01	0.01	0.01	0.04	0.01	1.75
45	128542	100.0	10.0	38.0	38.0	37.4	38.0	38.0	0.00016	0.00016	0.00016	0.00053	0.00016	0.1	0.01	0.01	0.01	0.04	0.01	1.75
46	128542	100.0	10.0	38.0	38.0	37.2	38.0	38.0	0.00016	0.00016	0.00016	0.00066	0.00016	0.1	0.01	0.01	0.01	0.04	0.01	1.75
47	128542	100.0	10.0	38.0	38.0	37.3	38.0	38.0	0.00016	0.00016	0.00016	0.00061	0.00016	0.1	0.01	0.01	0.01	0.04	0.01	1.75
48	128542	100.0	10.0	38.0	38.0	37.3	38.0	38.0	0.00016	0.00016	0.00016	0.00062	0.00016	0.1	0.01	0.01	0.01	0.04	0.01	1.75
49	128542	100.0	10.0	38.0	38.0	37.3	38.0	38.0	0.00016	0.00016	0.00016	0.00053	0.00016	0.1	0.01	0.01	0.01	0.04	0.01	1.75
50	128542	100.0	10.0	38.0	38.0	37.3	38.0	38.0	0.00016	0.00016	0.00016	0.00055	0.00016	0.1	0.01	0.01	0.01	0.04	0.01	1.75
51	128542	100.0	10.0	38.0	38.0	37.0	38.0	38.0	0.00016	0.00016	0.00016	0.00088	0.00016	0.1	0.01	0.01	0.01	0.04	0.01	1.75
52	128542	100.0	10.0	38.0	38.0	36.9	38.0	38.0	0.00016	0.00016	0.00016	0.001	0.00016	0.1	0.01	0.01	0.01	0.04	0.01	1.75
53	128542	100.0	10.0	37.0	38.0	36.5	38.0	38.0	0.00016	0.00016	0.00016	0.0017	0.0002	0.1	0.01	0.01	0.01	0.04	0.02	1.75
54	128542	100.0	10.0	37.0	38.0	36.8	38.0	38.0	0.00016	0.00016	0.00016	0.0011	0.0002	0.1	0.01	0.01	0.01	0.05	0.02	1.75
55	128542	100.0	10.0	38.0	38.0	36.9	38.0	38.0	0.00016	0.00016	0.00016	0.0011	0.00016	0.1	0.01	0.01	0.01	0.05	0.02	1.75
56	128542	100.0	10.0	38.0	38.0	36.8	38.0	38.0	0.00016	0.00016	0.00016	0.0012	0.00016	0.1	0.01	0.01	0.01	0.05	0.02	1.76
57	128542	100.0	10.0	38.0	38.0	37.1	38.0	38.0	0.00016	0.00016	0.00016	0.00088	0.00016	0.1	0.01	0.01	0.01	0.05	0.02	1.76
58	128542	100.0	10.0	38.0	38.0	37.2	38.0	38.0	0.00016	0.00016	0.00016	0.00078	0.00016	0.1	0.01	0.01	0.01	0.05	0.02	1.76
59	128542	100.0	10.0	38.0	38.0	37.0	38.0	38.0	0.00016	0.00016	0.00016	0.00089	0.00016	0.1	0.01	0.01	0.01	0.05	0.02	1.76
60	128542	100.0	10.0	38.0	38.0	36.8	38.0	38.0	0.00016	0.00016	0.00016	0.0011	0.00016	0.1	0.01	0.01	0.01	0.05	0.02	1.76
61	128542	100.0	10.0	38.0	38.0	36.8	38.0	38.0	0.00016	0.00016	0.00016	0.001	0.00016	0.1	0.01	0.01	0.01	0.05	0.02	1.76
62	128542	100.0	10.0	38.0	38.0	36.9	38.0	38.0	0.00016	0.00016	0.00016	0.0011	0.00016	0.1	0.01	0.01	0.01	0.05	0.02	1.76
63	128542	100.0	10.0	38.0	38.0	36.8	38.0	38.0	0.00016	0.00016	0.00016	0.0013	0.00016	0.1	0.01	0.01	0.01	0.06	0.02	1.76
64	128542	100.0	9.0	38.0	38.0	36.8	38.0	38.0	0.00016	0.00016	0.00016	0.0013	0.00016	0.13	0.01	0.01	0.01	0.06	0.02	1.76
65	128542	100.0	10.0	38.0	38.0	36.9	38.0	38.0	0.00016	0.00016	0.00016	0.0012	0.00016	0.1	0.01	0.01	0.01	0.06	0.02	1.76
66	128542	100.0	9.0	37.0	38.0	36.8	38.0	38.0	0.00016	0.00016	0.00016	0.0012	0.0002	0.13	0.01	0.01	0.01	0.06	0.02	1.76
67	128542	100.0	10.0	37.0	38.0	36.7	38.0	38.0	0.00016	0.00016	0.00016	0.0013	0.0002	0.1	0.01	0.01	0.01	0.06	0.02	1.76
68	128542	100.0	9.0	37.0	38.0	36.7	38.0	38.0	0.00016	0.00016	0.00016	0.0013	0.0002	0.13	0.01	0.01	0.01	0.06	0.02	1.76
69	128542	100.0	10.0	37.0	38.0	36.7	38.0	38.0	0.00016	0.00016	0.00016	0.0012	0.0002	0.1	0.01	0.01	0.01	0.06	0.02	1.76
70	128542	100.0	9.0	37.0	38.0	36.5	38.0	38.0	0.00016	0.00016	0.00016	0.0015	0.0002	0.13	0.01	0.01	0.01	0.06	0.02	1.76
71	128542	100.0	10.0	37.0	38.0	36.8	38.0	38.0	0.00016	0.00016	0.00016	0.0011	0.0002	0.1	0.01	0.01	0.01	0.07	0.02	1.76
72	128542	100.0	10.0	38.0	38.0	36.8	38.0	38.0	0.00016	0.00016	0.00016	0.0011	0.00016	0.1	0.01	0.01	0.01	0.07	0.02	1.76
73	128542	100.0	10.0	38.0	38.0	37.1	38.0	38.0	0.00016	0.00016	0.00016	0.00078	0.00016	0.1	0.01	0.01	0.01	0.07	0.02	1.76
74	128542	100.0	9.0	38.0	38.0	36.8	38.0	38.0	0.00016	0.00016	0.00016	0.0013	0.00016	0.13	0.01	0.01	0.01	0.07	0.02	1.76
75	128542	100.0	10.0	37.0	38.0	36.6	38.0	38.0	0.00016	0.00016	0.00016	0.0015	0.0002	0.1	0.01	0.01	0.01	0.07	0.02	1.76
76	128542	100.0	10.0	37.0	38.0	36.6	38.0	38.0	0.00016	0.00016	0.00016	0.0014	0.0002	0.1	0.01	0.01	0.01	0.07	0.03	1.76
77	128542	100.0	10.0	38.0	38.0	37.0	38.0	38.0	0.00016	0.00016	0.00016	0.00093	0.00016	0.1	0.01	0.01	0.01	0.07	0.03	1.76
78	128542	100.0	10.0	38.0	38.0	36.8	38.0	38.0	0.00016	0.00016	0.00016	0.0012	0.00016	0.1	0.01	0.01	0.01	0.07	0.03	1.78
79	128542	100.0	10.0	38.0	38.0	36.9	38.0	38.0	0.00016	0.00016	0.00016	0.001	0.00016	0.1	0.01	0.01	0.01	0.07	0.03	1.81
80	128542	100.0	10.0	38.0	38.0	37.0	38.0	38.0	0.00016	0.00016	0.00016	0.00093	0.00016	0.1	0.01	0.01	0.01	0.08	0.03	1.81
81	128542	100.0	10.0	38.0	38.0	37.1	38.0	38.0	0.00016	0.00016	0.00016	0.00077	0.00016	0.1	0.01	0.01	0.01	0.08	0.03	1.82
82	128542	100.0	10.0	38.0	38.0	37.0	38.0	38.0	0.00016	0.00016	0.00016	0.00095	0.00016	0.1	0.01	0.01	0.01	0.08	0.03	1.86
83	128542	100.0	9.0	37.0	38.0	36.8	38.0	38.0	0.00016	0.00016	0.00016	0.0011	0.0002	0.13	0.01	0.01	0.01	0.08	0.03	1.86
84	128542	100.0	10.0	37.0	38.0	36.4	38.0	38.0	0.00016	0.00016	0.00016	0.0016	0.0002	0.1	0.01	0.01	0.01	0.08	0.03	1.90
85	128542	100.0	9.0	37.0	38.0	36.4	38.0	38.0	0.00016	0.00016	0.00016	0.0018	0.0002	0.13	0.01	0.01	0.01	0.08	0.03	1.90
86	128542	100.0	10.0	37.0	38.0	36.6	38.0	38.0	0.00016	0.00016	0.00016	0.0013	0.0002	0.1	0.01	0.01	0.01	0.08	0.03	1.90
87	128542	100.0	10.0	37.0	38.0	36.9	38.0	38.0	0.00016	0.00016	0.00016	0.001	0.0002	0.1	0.01	0.01	0.02	0.08	0.03	1.98
88	128542	100.0	9.0	38.0	38.0	36.9	38.0	38.0	0.00016	0.00016	0.00016	0.00097	0.00016	0.13	0.01	0.01	0.02	0.09	0.03	1.98
89	128542	100.0	9.0	38.0	38.0	36.8	38.0	38.0	0.00016	0.00016	0.00016	0.001	0.00016	0.13	0.01	0.01	0.02	0.09	0.03	1.98
90	128542	100.0	9.0	38.0	38.0	36.9	38.0	38.0	0.00016	0.00016	0.00016	0.00099	0.00016	0.13	0.01	0.01	0.02	0.09	0.03	1.98
91	128535	100.0	9.0	38.0	38.0	36.9	38.0	38.0	0.00016	0.00016	0.00016	0.001	0.00016	0.13	0.01	0.01	0.02	0.09	0.03	1.98
92	128458	99.9	9.0	38.0	38.0	36.9	38.0	38.0	0.00016	0.00016	0.00016	0.001	0.00016	0.13	0.01	0.01	0.02	0.09	0.03	2.03
93	127255	99.0	9.0	38.0	38.0	36.9	38.0	38.0	0.00016	0.00016	0.00016	0.0011	0.00016	0.13	0.01	0.01	0.02	0.09	0.03	2.08
94	127229	99.0	9.0	38.0	38.0	36.9	38.0	38.0	0.00016	0.00016	0.00016	0.001	0.00016	0.13	0.01	0.02	0.02	0.09	0.03	2.08
95	127125	98.9	9.0	37.0	38.0	36.7	38.0	38.0	0.00016	0.00016	0.00016	0.0014	0.0002	0.13	0.02	0.02	0.02	0.09	0.03	2.11
96	127115	98.9	9.0	37.0	38.0	36.8	38.0	38.0	0.00016	0.00016	0.00016	0.0011	0.0002	0.13	0.02	0.02	0.02	0.09	0.03	2.11
97	127096	98.9	9.0	37.0	38.0	36.7	38.0	38.0	0.00016	0.00016	0.00016	0.0014	0.0002	0.13	0.02	0.02	0.02	0.10	0.04	2.15
98	127085	98.9	9.0	37.0	38.0	36.6	38.0	38.0	0.00016	0.00016	0.00016	0.0013	0.0002	0.13	0.02	0.02	0.02	0.10	0.04	2.23
99	127057	98.8	9.0	37.0	38.0	36.8	38.0	38.0	0.00016	0.00016	0.00016	0.0012	0.0002	0.13	0.02	0.02	0.02	0.10	0.04	2.31
100	126768	98.6	9.0	37.0	38.0	36.7	38.0	38.0	0.00016	0.00016	0.00016	0.0014	0.0002	0.13	0.02	0.02	0.02	0.10	0.04	2.31
101	125412	97.6	9.0	37.0	38.0	36.9	38.0	38.0	0.00016	0.00016	0.00016	0.001	0.0002	0.13	0.02	0.02	0.02	0.10	0.04	2.31
102	102970	80.1	9.0	38.0	38.0	37.0	38.0	38.0	0.00016	0.00016	0.00016	0.0011	0.00016	0.13	0.02	0.02	0.02	0.10	0.04	2.32
103	75604	58.8	9.0	38.0	38.0	37.1	38.0	38.0	0.00016	0.00016	0.00016	0.00081	0.00016	0.13	0.02	0.02	0.02	0.11	0.05	2.40
104	57013	44.4	9.0	37.0	38.0	36.7	38.0	38.0	0.00016	0.00016	0.00016	0.0015	0.0002	0.13	0.02	0.02	0.02	0.12	0.10	2.40
105	52146	40.6	9.0	37.0	38.0	36.6	38.0	38.0	0.00016	0.00016	0.00016	0.0013	0.0002	0.13	0.02	0.02	0.02	0.12	0.10	2.48
106	9293	7.2	9.0	36.0	38.0	35.8	38.0	38.0	0.00016	0.00016	0.00016	0.0028	0.00025	0.13	0.02	0.02	0.02	0.15	0.11	2.56
107	3991	3.1	11.0	38.0	38.0	37.4	38.0	38.0	0.00016	0.00016	0.00016	0.00054	0.00016	0.079	0.02	0.02	0.02	0.12	0.10	2.37
108	742	0.6	11.0	38.0	38.0	37.5	38.0	38.0	0.00016	0.00016	0.00016	0.00054	0.00016	0.079	0.02	0.02	0.02	0.12	0.11	1.73
109	662	0.5	11.0	38.0	38.0	37.5	38.0	38.0	0.00016	0.00016	0.00016	0.00044	0.00016	0.079	0.02	0.02	0.02	0.13	0.11	1.73
110	411	0.3	10.0	38.0	38.0	37.2	38.0	38.0	0.00016	0.00016	0.00016	0.00087	0.00016	0.1	0.02	0.02	0.02	0.14	0.10	1.73
111	386	0.3	11.0	38.0	38.0	37.3	38.0	38.0	0.00016	0.00016	0.00016	0.00066	0.00016	0.079	0.02	0.02	0.02	0.15	0.11	1.73
112	287	0.2	11.0	38.0	38.0	37.1	38.0	38.0	0.00016	0.00016	0.00016	0.0014	0.00016	0.079	0.02	0.02	0.02	0.15	0.13	1.69
113	283	0.2	11.0	38.0	38.0	37.3	38.0	38.0	0.00016	0.00016	0.00016	0.00078	0.00016	0.079	0.02	0.02	0.02	0.16	0.13	1.69
114	247	0.2	10.0	38.0	38.0	37.2	38.0	38.0	0.00016	0.00016	0.00016	0.00098	0.00016	0.1	0.02	0.02	0.03	0.16	0.14	1.60
115	206	0.2	11.0	38.0	38.0	37.4	38.0	38.0	0.00016	0.00016	0.00016	0.0006	0.00016	0.079	0.02	0.02	0.03	0.16	0.14	1.49
116	111	0.1	25.0	38.0	38.0	37.4	38.0	38.0	0.00016	0.00016	0.00016	0.00021	0.00016	0.0032	0.02	0.02	0.02	0.16	0.10	1.49
117	107	0.1	23.0	38.0	38.0	37.1	38.0	38.0	0.00016	0.00016	0.00016	0.0003	0.00016	0.005	0.02	0.02	0.02	0.16	0.10	1.49
118	26	0.0	31.0	37.0	38.0	37.1	38.0	38.0	0.00016	0.00016	0.00016	0.00022	0.0002	0.00079	0.02	0.02	0.03	0.10	0.05	0.75
119	18	0.0	22.0	38.0	38.0	36.6	38.0	38.0	0.00016	0.00016	0.00016	0.00054	0.00016	0.0063	0.02	0.02	0.03	0.09	0.05	0.62
120	12	0.0	25.0	37.0	38.0	35.9	38.0	38.0	0.00016	0.00016	0.00016	0.00057	0.00016	0.0032	0.02	0.02	0.03	0.12	0.14	0.62
121	3	0.0	31.0	31.0	38.0	35.7	38.0	38.0	0.00016	0.00016	0.00016	0.00037	0.00079	0.00079	0.02	0.02	0.02	0.02	0.03	0.03
